d	date	day_of_week	cnt	w	dateY	dofw	sp	diao	ifworkday
2013-01-02	1	3	68.0	0	2013-01-02	3.0	1.0	1.0	1.0
2013-01-03	2	4	36.0	0	2013-01-03	4.0	1.0	1.0	1.0
2013-01-04	3	5	5565.0	0	2013-01-04	5.0			0.0
2013-01-05	4	6	4966.0	0	2013-01-05	6.0	0.0	1.0	0.0
2013-01-06	5	7	3346.0	0	2013-01-06	7.0	0.0	1.0	0.0
2013-01-07	6	1	3396.0	1	2013-01-07	1.0			0.0
2013-01-08	7	2	4146.0	1	2013-01-08	2.0			0.0
2013-01-09	8	3	3096.0	1	2013-01-09	3.0			0.0
2013-01-10	9	4	2713.0	1	2013-01-10	4.0			0.0
2013-01-11	10	5	2409.0	1	2013-01-11	5.0			0.0
2013-01-12	11	6	275.0	1	2013-01-12	6.0			1.0
2013-01-14	12	1	2735.0	2	2013-01-14	1.0			0.0
2013-01-15	13	2	2386.0	2	2013-01-15	2.0			0.0
2013-01-16	14	3	1901.0	2	2013-01-16	3.0			0.0
2013-01-17	15	4	6072.0	2	2013-01-17	4.0			0.0
2013-01-18	16	5	2716.0	2	2013-01-18	5.0			0.0
2013-01-19	17	6	216.0	2	2013-01-19	6.0			1.0
2013-01-20	18	7	22.0	2	2013-01-20	7.0			1.0
2013-01-21	19	1	3903.0	3	2013-01-21	1.0			0.0
2013-01-22	20	2	2700.0	3	2013-01-22	2.0			0.0
2013-01-23	21	3	2700.0	3	2013-01-23	3.0			0.0
2013-01-24	22	4	2073.0	3	2013-01-24	4.0			0.0
2013-01-25	23	5	1702.0	3	2013-01-25	5.0			0.0
2013-01-26	24	6	231.0	3	2013-01-26	6.0			1.0
2013-01-28	25	1	3377.0	4	2013-01-28	1.0			0.0
2013-01-29	26	2	3016.0	4	2013-01-29	2.0			0.0
2013-01-30	27	3	2586.0	4	2013-01-30	3.0			0.0
2013-01-31	28	4	1652.0	4	2013-01-31	4.0			0.0
2013-02-01	29	5	2726.0	4	2013-02-01	5.0			0.0
2013-02-02	30	6	279.0	4	2013-02-02	6.0			1.0
2013-02-03	31	7	23.0	4	2013-02-03	7.0			1.0
2013-02-04	32	1	4094.0	5	2013-02-04	1.0			0.0
2013-02-05	33	2	4059.0	5	2013-02-05	2.0			0.0
2013-02-06	34	3	3741.0	5	2013-02-06	3.0			0.0
2013-02-07	35	4	2567.0	5	2013-02-07	4.0			0.0
2013-02-08	36	5	761.0	5	2013-02-08	5.0			0.0
2013-02-14	37	4	19.0	6	2013-02-14	4.0	1.0	1.0	1.0
2013-02-15	38	5	13.0	6	2013-02-15	5.0	1.0	1.0	1.0
2013-02-16	39	6	2847.0	6	2013-02-16	6.0	0.0	1.0	0.0
2013-02-17	40	7	2936.0	6	2013-02-17	7.0	0.0	1.0	0.0
2013-02-18	41	1	2377.0	7	2013-02-18	1.0			0.0
2013-02-19	42	2	1740.0	7	2013-02-19	2.0			0.0
2013-02-20	43	3	2563.0	7	2013-02-20	3.0			0.0
2013-02-21	44	4	1896.0	7	2013-02-21	4.0			0.0
2013-02-22	45	5	1552.0	7	2013-02-22	5.0			0.0
2013-02-23	46	6	186.0	7	2013-02-23	6.0			1.0
2013-02-25	47	1	1874.0	8	2013-02-25	1.0			0.0
2013-02-26	48	2	1844.0	8	2013-02-26	2.0			0.0
2013-02-27	49	3	1919.0	8	2013-02-27	3.0			0.0
2013-02-28	50	4	1191.0	8	2013-02-28	4.0			0.0
2013-03-01	51	5	1816.0	8	2013-03-01	5.0			0.0
2013-03-02	52	6	87.0	8	2013-03-02	6.0			1.0
2013-03-04	53	1	1843.0	9	2013-03-04	1.0			0.0
2013-03-05	54	2	1900.0	9	2013-03-05	2.0			0.0
2013-03-06	55	3	1615.0	9	2013-03-06	3.0			0.0
2013-03-07	56	4	1461.0	9	2013-03-07	4.0			0.0
2013-03-08	57	5	1514.0	9	2013-03-08	5.0			0.0
2013-03-09	58	6	180.0	9	2013-03-09	6.0			1.0
2013-03-10	59	7	41.0	9	2013-03-10	7.0			1.0
2013-03-11	60	1	1933.0	10	2013-03-11	1.0			0.0
2013-03-12	61	2	1812.0	10	2013-03-12	2.0			0.0
2013-03-13	62	3	1763.0	10	2013-03-13	3.0			0.0
2013-03-14	63	4	1386.0	10	2013-03-14	4.0			0.0
2013-03-15	64	5	1345.0	10	2013-03-15	5.0			0.0
2013-03-16	65	6	113.0	10	2013-03-16	6.0			1.0
2013-03-18	66	1	1797.0	11	2013-03-18	1.0			0.0
2013-03-19	67	2	1889.0	11	2013-03-19	2.0			0.0
2013-03-20	68	3	1445.0	11	2013-03-20	3.0			0.0
2013-03-21	69	4	1452.0	11	2013-03-21	4.0			0.0
2013-03-22	70	5	1559.0	11	2013-03-22	5.0			0.0
2013-03-23	71	6	198.0	11	2013-03-23	6.0			1.0
2013-03-25	72	1	1739.0	12	2013-03-25	1.0			0.0
2013-03-26	73	2	1794.0	12	2013-03-26	2.0			0.0
2013-03-27	74	3	1464.0	12	2013-03-27	3.0			0.0
2013-03-28	75	4	1279.0	12	2013-03-28	4.0			0.0
2013-03-29	76	5	1601.0	12	2013-03-29	5.0			0.0
2013-03-30	77	6	171.0	12	2013-03-30	6.0			1.0
2013-03-31	78	7	22.0	12	2013-03-31	7.0			1.0
2013-04-01	79	1	744.0	13	2013-04-01	1.0			0.0
2013-04-02	80	2	2424.0	13	2013-04-02	2.0			0.0
2013-04-03	81	3	1959.0	13	2013-04-03	3.0			0.0
2013-04-04	82	4	60.0	13	2013-04-04	4.0	1.0	1.0	1.0
2013-04-05	83	5	51.0	13	2013-04-05	5.0	1.0	1.0	1.0
2013-04-06	84	6	30.0	13	2013-04-06	6.0	1.0		1.0
2013-04-07	85	7	1929.0	13	2013-04-07	7.0	0.0	1.0	0.0
2013-04-08	86	1	1745.0	14	2013-04-08	1.0			0.0
2013-04-09	87	2	2143.0	14	2013-04-09	2.0			0.0
2013-04-10	88	3	1709.0	14	2013-04-10	3.0			0.0
2013-04-11	89	4	1294.0	14	2013-04-11	4.0			0.0
2013-04-12	90	5	1527.0	14	2013-04-12	5.0			0.0
2013-04-13	91	6	198.0	14	2013-04-13	6.0			1.0
2013-04-15	92	1	2164.0	15	2013-04-15	1.0			0.0
2013-04-16	93	2	1631.0	15	2013-04-16	2.0			0.0
2013-04-17	94	3	1859.0	15	2013-04-17	3.0			0.0
2013-04-18	95	4	1447.0	15	2013-04-18	4.0			0.0
2013-04-19	96	5	1514.0	15	2013-04-19	5.0			0.0
2013-04-20	97	6	137.0	15	2013-04-20	6.0			1.0
2013-04-21	98	7	36.0	15	2013-04-21	7.0			1.0
2013-04-22	99	1	2104.0	16	2013-04-22	1.0			0.0
2013-04-23	100	2	1584.0	16	2013-04-23	2.0			0.0
2013-04-24	101	3	1449.0	16	2013-04-24	3.0			0.0
2013-04-25	102	4	1102.0	16	2013-04-25	4.0			0.0
2013-04-26	103	5	1774.0	16	2013-04-26	5.0			0.0
2013-04-27	104	6	1462.0	16	2013-04-27	6.0	0.0	1.0	0.0
2013-04-28	105	7	1626.0	16	2013-04-28	7.0	0.0	1.0	0.0
2013-04-29	106	1	73.0	17	2013-04-29	1.0	1.0	1.0	1.0
2013-05-02	107	4	2484.0	17	2013-05-02	4.0			0.0
2013-05-03	108	5	1723.0	17	2013-05-03	5.0			0.0
2013-05-04	109	6	104.0	17	2013-05-04	6.0			1.0
2013-05-06	110	1	2427.0	18	2013-05-06	1.0			0.0
2013-05-07	111	2	2587.0	18	2013-05-07	2.0			0.0
2013-05-08	112	3	2220.0	18	2013-05-08	3.0			0.0
2013-05-09	113	4	1142.0	18	2013-05-09	4.0			0.0
2013-05-10	114	5	1934.0	18	2013-05-10	5.0			0.0
2013-05-11	115	6	121.0	18	2013-05-11	6.0			1.0
2013-05-12	116	7	23.0	18	2013-05-12	7.0			1.0
2013-05-13	117	1	2509.0	19	2013-05-13	1.0			0.0
2013-05-14	118	2	2284.0	19	2013-05-14	2.0			0.0
2013-05-15	119	3	2068.0	19	2013-05-15	3.0			0.0
2013-05-16	120	4	1088.0	19	2013-05-16	4.0			0.0
2013-05-17	121	5	2030.0	19	2013-05-17	5.0			0.0
2013-05-18	122	6	38.0	19	2013-05-18	6.0			1.0
2013-05-20	123	1	1940.0	20	2013-05-20	1.0			0.0
2013-05-21	124	2	2342.0	20	2013-05-21	2.0			0.0
2013-05-22	125	3	5581.0	20	2013-05-22	3.0			0.0
2013-05-23	126	4	2333.0	20	2013-05-23	4.0			0.0
2013-05-24	127	5	1931.0	20	2013-05-24	5.0			0.0
2013-05-25	128	6	140.0	20	2013-05-25	6.0			1.0
2013-05-27	129	1	1794.0	21	2013-05-27	1.0			0.0
2013-05-28	130	2	2055.0	21	2013-05-28	2.0			0.0
2013-05-29	131	3	1658.0	21	2013-05-29	3.0			0.0
2013-05-30	132	4	1497.0	21	2013-05-30	4.0			0.0
2013-05-31	133	5	1161.0	21	2013-05-31	5.0			0.0
2013-06-01	134	6	113.0	21	2013-06-01	6.0			1.0
2013-06-02	135	7	14.0	21	2013-06-02	7.0			1.0
2013-06-03	136	1	2374.0	22	2013-06-03	1.0			0.0
2013-06-04	137	2	1885.0	22	2013-06-04	2.0			0.0
2013-06-05	138	3	1606.0	22	2013-06-05	3.0			0.0
2013-06-06	139	4	1690.0	22	2013-06-06	4.0			0.0
2013-06-07	140	5	1354.0	22	2013-06-07	5.0			0.0
2013-06-08	141	6	1266.0	22	2013-06-08	6.0	0.0	1.0	0.0
2013-06-09	142	7	1309.0	22	2013-06-09	7.0	0.0	1.0	0.0
2013-06-10	143	1	89.0	23	2013-06-10	1.0	1.0	1.0	1.0
2013-06-13	144	4	2265.0	23	2013-06-13	4.0			0.0
2013-06-14	145	5	1721.0	23	2013-06-14	5.0			0.0
2013-06-15	146	6	150.0	23	2013-06-15	6.0			1.0
2013-06-16	147	7	26.0	23	2013-06-16	7.0			1.0
2013-06-17	148	1	1612.0	24	2013-06-17	1.0			0.0
2013-06-18	149	2	2178.0	24	2013-06-18	2.0			0.0
2013-06-19	150	3	1539.0	24	2013-06-19	3.0			0.0
2013-06-20	151	4	1067.0	24	2013-06-20	4.0			0.0
2013-06-21	152	5	1325.0	24	2013-06-21	5.0			0.0
2013-06-22	153	6	85.0	24	2013-06-22	6.0			1.0
2013-06-23	154	7	36.0	24	2013-06-23	7.0			1.0
2013-06-24	155	1	1778.0	25	2013-06-24	1.0			0.0
2013-06-25	156	2	2336.0	25	2013-06-25	2.0			0.0
2013-06-26	157	3	1487.0	25	2013-06-26	3.0			0.0
2013-06-27	158	4	1025.0	25	2013-06-27	4.0			0.0
2013-06-28	159	5	1659.0	25	2013-06-28	5.0			0.0
2013-06-29	160	6	183.0	25	2013-06-29	6.0			1.0
2013-07-01	161	1	1819.0	26	2013-07-01	1.0			0.0
2013-07-02	162	2	1781.0	26	2013-07-02	2.0			0.0
2013-07-03	163	3	1924.0	26	2013-07-03	3.0			0.0
2013-07-04	164	4	1256.0	26	2013-07-04	4.0			0.0
2013-07-05	165	5	1526.0	26	2013-07-05	5.0			0.0
2013-07-06	166	6	108.0	26	2013-07-06	6.0			1.0
2013-07-07	167	7	14.0	26	2013-07-07	7.0			1.0
2013-07-08	168	1	1804.0	27	2013-07-08	1.0			0.0
2013-07-09	169	2	1615.0	27	2013-07-09	2.0			0.0
2013-07-10	170	3	1558.0	27	2013-07-10	3.0			0.0
2013-07-11	171	4	810.0	27	2013-07-11	4.0			0.0
2013-07-12	172	5	1603.0	27	2013-07-12	5.0			0.0
2013-07-13	173	6	94.0	27	2013-07-13	6.0			1.0
2013-07-14	174	7	23.0	27	2013-07-14	7.0			1.0
2013-07-15	175	1	2141.0	28	2013-07-15	1.0			0.0
2013-07-16	176	2	1759.0	28	2013-07-16	2.0			0.0
2013-07-17	177	3	1506.0	28	2013-07-17	3.0			0.0
2013-07-18	178	4	1271.0	28	2013-07-18	4.0			0.0
2013-07-19	179	5	1633.0	28	2013-07-19	5.0			0.0
2013-07-20	180	6	154.0	28	2013-07-20	6.0			1.0
2013-07-21	181	7	14.0	28	2013-07-21	7.0			1.0
2013-07-22	182	1	2028.0	29	2013-07-22	1.0			0.0
2013-07-23	183	2	2033.0	29	2013-07-23	2.0			0.0
2013-07-24	184	3	1346.0	29	2013-07-24	3.0			0.0
2013-07-25	185	4	1031.0	29	2013-07-25	4.0			0.0
2013-07-26	186	5	1290.0	29	2013-07-26	5.0			0.0
2013-07-27	187	6	42.0	29	2013-07-27	6.0			1.0
2013-07-29	188	1	1961.0	30	2013-07-29	1.0			0.0
2013-07-30	189	2	1751.0	30	2013-07-30	2.0			0.0
2013-07-31	190	3	1505.0	30	2013-07-31	3.0			0.0
2013-08-01	191	4	1477.0	30	2013-08-01	4.0			0.0
2013-08-02	192	5	1892.0	30	2013-08-02	5.0			0.0
2013-08-03	193	6	81.0	30	2013-08-03	6.0			1.0
2013-08-05	194	1	2100.0	31	2013-08-05	1.0			0.0
2013-08-06	195	2	1905.0	31	2013-08-06	2.0			0.0
2013-08-07	196	3	1682.0	31	2013-08-07	3.0			0.0
2013-08-08	197	4	1370.0	31	2013-08-08	4.0			0.0
2013-08-09	198	5	985.0	31	2013-08-09	5.0			0.0
2013-08-10	199	6	27.0	31	2013-08-10	6.0			1.0
2013-08-12	200	1	1804.0	32	2013-08-12	1.0			0.0
2013-08-13	201	2	1760.0	32	2013-08-13	2.0			0.0
2013-08-14	202	3	1951.0	32	2013-08-14	3.0			0.0
2013-08-15	203	4	1058.0	32	2013-08-15	4.0			0.0
2013-08-16	204	5	1150.0	32	2013-08-16	5.0			0.0
2013-08-17	205	6	363.0	32	2013-08-17	6.0			1.0
2013-08-19	206	1	2765.0	33	2013-08-19	1.0			0.0
2013-08-20	207	2	2281.0	33	2013-08-20	2.0			0.0
2013-08-21	208	3	1064.0	33	2013-08-21	3.0			0.0
2013-08-22	209	4	1438.0	33	2013-08-22	4.0			0.0
2013-08-23	210	5	1698.0	33	2013-08-23	5.0			0.0
2013-08-24	211	6	122.0	33	2013-08-24	6.0			1.0
2013-08-25	212	7	14.0	33	2013-08-25	7.0			1.0
2013-08-26	213	1	2106.0	34	2013-08-26	1.0			0.0
2013-08-27	214	2	1811.0	34	2013-08-27	2.0			0.0
2013-08-28	215	3	1751.0	34	2013-08-28	3.0			0.0
2013-08-29	216	4	1433.0	34	2013-08-29	4.0			0.0
2013-08-30	217	5	1034.0	34	2013-08-30	5.0			0.0
2013-08-31	218	6	73.0	34	2013-08-31	6.0			1.0
2013-09-01	219	7	26.0	34	2013-09-01	7.0			1.0
2013-09-02	220	1	1775.0	35	2013-09-02	1.0			0.0
2013-09-03	221	2	2032.0	35	2013-09-03	2.0			0.0
2013-09-04	222	3	1607.0	35	2013-09-04	3.0			0.0
2013-09-05	223	4	861.0	35	2013-09-05	4.0			0.0
2013-09-06	224	5	1534.0	35	2013-09-06	5.0			0.0
2013-09-07	225	6	371.0	35	2013-09-07	6.0			1.0
2013-09-09	226	1	1794.0	36	2013-09-09	1.0			0.0
2013-09-10	227	2	1965.0	36	2013-09-10	2.0			0.0
2013-09-11	228	3	1408.0	36	2013-09-11	3.0			0.0
2013-09-12	229	4	1762.0	36	2013-09-12	4.0			0.0
2013-09-13	230	5	1329.0	36	2013-09-13	5.0			0.0
2013-09-14	231	6	188.0	36	2013-09-14	6.0			1.0
2013-09-16	232	1	2288.0	37	2013-09-16	1.0			0.0
2013-09-17	233	2	1900.0	37	2013-09-17	2.0			0.0
2013-09-18	234	3	2101.0	37	2013-09-18	3.0			0.0
2013-09-19	235	4	48.0	37	2013-09-19	4.0	1.0	1.0	1.0
2013-09-20	236	5	13.0	37	2013-09-20	5.0	1.0	1.0	1.0
2013-09-22	237	7	2933.0	37	2013-09-22	7.0	0.0	1.0	0.0
2013-09-23	238	1	2330.0	38	2013-09-23	1.0			0.0
2013-09-24	239	2	2483.0	38	2013-09-24	2.0			0.0
2013-09-25	240	3	1949.0	38	2013-09-25	3.0			0.0
2013-09-26	241	4	1898.0	38	2013-09-26	4.0			0.0
2013-09-27	242	5	2025.0	38	2013-09-27	5.0			0.0
2013-09-28	243	6	243.0	38	2013-09-28	6.0			1.0
2013-09-29	244	7	2876.0	38	2013-09-29	7.0	0.0	1.0	0.0
2013-09-30	245	1	2172.0	39	2013-09-30	1.0			0.0
2013-10-02	246	3	117.0	39	2013-10-02	3.0	1.0	1.0	1.0
2013-10-04	247	5	17.0	39	2013-10-04	5.0	1.0	1.0	1.0
2013-10-05	248	6	16.0	39	2013-10-05	6.0	1.0		1.0
2013-10-06	249	7	19.0	39	2013-10-06	7.0	1.0		1.0
2013-10-08	250	2	4723.0	40	2013-10-08	2.0			0.0
2013-10-09	251	3	2681.0	40	2013-10-09	3.0			0.0
2013-10-10	252	4	1876.0	40	2013-10-10	4.0			0.0
2013-10-11	253	5	1339.0	40	2013-10-11	5.0			0.0
2013-10-12	254	6	1414.0	40	2013-10-12	6.0	0.0	1.0	0.0
2013-10-13	255	7	19.0	40	2013-10-13	7.0			1.0
2013-10-14	256	1	2250.0	41	2013-10-14	1.0			0.0
2013-10-15	257	2	2669.0	41	2013-10-15	2.0			0.0
2013-10-16	258	3	2540.0	41	2013-10-16	3.0			0.0
2013-10-17	259	4	997.0	41	2013-10-17	4.0			0.0
2013-10-18	260	5	1808.0	41	2013-10-18	5.0			0.0
2013-10-19	261	6	171.0	41	2013-10-19	6.0			1.0
2013-10-21	262	1	1909.0	42	2013-10-21	1.0			0.0
2013-10-22	263	2	2541.0	42	2013-10-22	2.0			0.0
2013-10-23	264	3	1722.0	42	2013-10-23	3.0			0.0
2013-10-24	265	4	1606.0	42	2013-10-24	4.0			0.0
2013-10-25	266	5	1664.0	42	2013-10-25	5.0			0.0
2013-10-26	267	6	192.0	42	2013-10-26	6.0			1.0
2013-10-28	268	1	2436.0	43	2013-10-28	1.0			0.0
2013-10-29	269	2	2077.0	43	2013-10-29	2.0			0.0
2013-10-30	270	3	1789.0	43	2013-10-30	3.0			0.0
2013-10-31	271	4	1321.0	43	2013-10-31	4.0			0.0
2013-11-01	272	5	1714.0	43	2013-11-01	5.0			0.0
2013-11-02	273	6	129.0	43	2013-11-02	6.0			1.0
2013-11-04	274	1	2059.0	44	2013-11-04	1.0			0.0
2013-11-05	275	2	1849.0	44	2013-11-05	2.0			0.0
2013-11-06	276	3	1631.0	44	2013-11-06	3.0			0.0
2013-11-07	277	4	1197.0	44	2013-11-07	4.0			0.0
2013-11-08	278	5	2099.0	44	2013-11-08	5.0			0.0
2013-11-09	279	6	206.0	44	2013-11-09	6.0			1.0
2013-11-11	280	1	1712.0	45	2013-11-11	1.0			0.0
2013-11-12	281	2	2338.0	45	2013-11-12	2.0			0.0
2013-11-13	282	3	2103.0	45	2013-11-13	3.0			0.0
2013-11-14	283	4	1130.0	45	2013-11-14	4.0			0.0
2013-11-15	284	5	1693.0	45	2013-11-15	5.0			0.0
2013-11-16	285	6	170.0	45	2013-11-16	6.0			1.0
2013-11-18	286	1	2057.0	46	2013-11-18	1.0			0.0
2013-11-19	287	2	2160.0	46	2013-11-19	2.0			0.0
2013-11-20	288	3	1519.0	46	2013-11-20	3.0			0.0
2013-11-21	289	4	1357.0	46	2013-11-21	4.0			0.0
2013-11-22	290	5	1698.0	46	2013-11-22	5.0			0.0
2013-11-23	291	6	192.0	46	2013-11-23	6.0			1.0
2013-11-24	292	7	22.0	46	2013-11-24	7.0			1.0
2013-11-25	293	1	2118.0	47	2013-11-25	1.0			0.0
2013-11-26	294	2	2170.0	47	2013-11-26	2.0			0.0
2013-11-27	295	3	1681.0	47	2013-11-27	3.0			0.0
2013-11-28	296	4	1454.0	47	2013-11-28	4.0			0.0
2013-11-29	297	5	1849.0	47	2013-11-29	5.0			0.0
2013-11-30	298	6	778.0	47	2013-11-30	6.0			1.0
2013-12-02	299	1	2290.0	48	2013-12-02	1.0			0.0
2013-12-03	300	2	2126.0	48	2013-12-03	2.0			0.0
2013-12-04	301	3	2309.0	48	2013-12-04	3.0			0.0
2013-12-05	302	4	1288.0	48	2013-12-05	4.0			0.0
2013-12-06	303	5	1654.0	48	2013-12-06	5.0			0.0
2013-12-07	304	6	377.0	48	2013-12-07	6.0			1.0
2013-12-09	305	1	2026.0	49	2013-12-09	1.0			0.0
2013-12-10	306	2	2002.0	49	2013-12-10	2.0			0.0
2013-12-11	307	3	2739.0	49	2013-12-11	3.0			0.0
2013-12-12	308	4	1726.0	49	2013-12-12	4.0			0.0
2013-12-13	309	5	1474.0	49	2013-12-13	5.0			0.0
2013-12-14	310	6	255.0	49	2013-12-14	6.0			1.0
2013-12-16	311	1	2156.0	50	2013-12-16	1.0			0.0
2013-12-17	312	2	1680.0	50	2013-12-17	2.0			0.0
2013-12-18	313	3	1979.0	50	2013-12-18	3.0			0.0
2013-12-19	314	4	1207.0	50	2013-12-19	4.0			0.0
2013-12-20	315	5	1831.0	50	2013-12-20	5.0			0.0
2013-12-21	316	6	278.0	50	2013-12-21	6.0			1.0
2013-12-23	317	1	1587.0	51	2013-12-23	1.0			0.0
2013-12-24	318	2	1514.0	51	2013-12-24	2.0			0.0
2013-12-25	319	3	1584.0	51	2013-12-25	3.0			0.0
2013-12-26	320	4	1365.0	51	2013-12-26	4.0			0.0
2013-12-27	321	5	1642.0	51	2013-12-27	5.0			0.0
2013-12-28	322	6	205.0	51	2013-12-28	6.0			1.0
2013-12-30	323	1	1660.0	52	2013-12-30	1.0			0.0
2013-12-31	324	2	950.0	52	2013-12-31	2.0			0.0
2014-01-02	325	4	4254.0	52	2014-01-02	4.0			0.0
2014-01-03	326	5	4569.0	52	2014-01-03	5.0			0.0
2014-01-04	327	6	649.0	52	2014-01-04	6.0			1.0
2014-01-06	328	1	5202.0	53	2014-01-06	1.0			0.0
2014-01-07	329	2	5090.0	53	2014-01-07	2.0			0.0
2014-01-08	330	3	3488.0	53	2014-01-08	3.0			0.0
2014-01-09	331	4	2171.0	53	2014-01-09	4.0			0.0
2014-01-10	332	5	3075.0	53	2014-01-10	5.0			0.0
2014-01-11	333	6	441.0	53	2014-01-11	6.0			1.0
2014-01-13	334	1	2593.0	54	2014-01-13	1.0			0.0
2014-01-14	335	2	2796.0	54	2014-01-14	2.0			0.0
2014-01-15	336	3	2546.0	54	2014-01-15	3.0			0.0
2014-01-16	337	4	2706.0	54	2014-01-16	4.0			0.0
2014-01-17	338	5	3006.0	54	2014-01-17	5.0			0.0
2014-01-18	339	6	411.0	54	2014-01-18	6.0			1.0
2014-01-20	340	1	3591.0	55	2014-01-20	1.0			0.0
2014-01-21	341	2	3528.0	55	2014-01-21	2.0			0.0
2014-01-22	342	3	3534.0	55	2014-01-22	3.0			0.0
2014-01-23	343	4	2142.0	55	2014-01-23	4.0			0.0
2014-01-24	344	5	3887.0	55	2014-01-24	5.0			0.0
2014-01-25	345	6	324.0	55	2014-01-25	6.0			1.0
2014-01-26	346	7	1659.0	55	2014-01-26	7.0	0.0	1.0	0.0
2014-01-27	347	1	4320.0	56	2014-01-27	1.0			0.0
2014-01-28	348	2	3957.0	56	2014-01-28	2.0			0.0
2014-01-29	349	3	1598.0	56	2014-01-29	3.0			0.0
2014-01-30	350	4	244.0	56	2014-01-30	4.0			0.0
2014-02-05	351	3	23.0	57	2014-02-05	3.0	1.0	1.0	1.0
2014-02-06	352	4	19.0	57	2014-02-06	4.0	1.0	1.0	1.0
2014-02-07	353	5	4061.0	57	2014-02-07	5.0			0.0
2014-02-08	354	6	3332.0	57	2014-02-08	6.0	0.0	1.0	0.0
2014-02-09	355	7	13.0	57	2014-02-09	7.0			1.0
2014-02-10	356	1	3710.0	58	2014-02-10	1.0			0.0
2014-02-11	357	2	3525.0	58	2014-02-11	2.0			0.0
2014-02-12	358	3	2282.0	58	2014-02-12	3.0			0.0
2014-02-13	359	4	1576.0	58	2014-02-13	4.0			0.0
2014-02-14	360	5	1772.0	58	2014-02-14	5.0			0.0
2014-02-15	361	6	272.0	58	2014-02-15	6.0			1.0
2014-02-16	362	7	18.0	58	2014-02-16	7.0			1.0
2014-02-17	363	1	1835.0	59	2014-02-17	1.0			0.0
2014-02-18	364	2	1904.0	59	2014-02-18	2.0			0.0
2014-02-19	365	3	2040.0	59	2014-02-19	3.0			0.0
2014-02-20	366	4	1532.0	59	2014-02-20	4.0			0.0
2014-02-21	367	5	1905.0	59	2014-02-21	5.0			0.0
2014-02-22	368	6	250.0	59	2014-02-22	6.0			1.0
2014-02-23	369	7	13.0	59	2014-02-23	7.0			1.0
2014-02-24	370	1	2387.0	60	2014-02-24	1.0			0.0
2014-02-25	371	2	3224.0	60	2014-02-25	2.0			0.0
2014-02-26	372	3	2471.0	60	2014-02-26	3.0			0.0
2014-02-27	373	4	1566.0	60	2014-02-27	4.0			0.0
2014-02-28	374	5	1308.0	60	2014-02-28	5.0			0.0
2014-03-01	375	6	305.0	60	2014-03-01	6.0			1.0
2014-03-02	376	7	27.0	60	2014-03-02	7.0			1.0
2014-03-03	377	1	2206.0	61	2014-03-03	1.0			0.0
2014-03-04	378	2	2018.0	61	2014-03-04	2.0			0.0
2014-03-05	379	3	1722.0	61	2014-03-05	3.0			0.0
2014-03-06	380	4	1437.0	61	2014-03-06	4.0			0.0
2014-03-07	381	5	1064.0	61	2014-03-07	5.0			0.0
2014-03-08	382	6	390.0	61	2014-03-08	6.0			1.0
2014-03-10	383	1	2065.0	62	2014-03-10	1.0			0.0
2014-03-11	384	2	1802.0	62	2014-03-11	2.0			0.0
2014-03-12	385	3	1693.0	62	2014-03-12	3.0			0.0
2014-03-13	386	4	1392.0	62	2014-03-13	4.0			0.0
2014-03-14	387	5	1129.0	62	2014-03-14	5.0			0.0
2014-03-15	388	6	239.0	62	2014-03-15	6.0			1.0
2014-03-17	389	1	1932.0	63	2014-03-17	1.0			0.0
2014-03-18	390	2	2848.0	63	2014-03-18	2.0			0.0
2014-03-19	391	3	1933.0	63	2014-03-19	3.0			0.0
2014-03-20	392	4	1124.0	63	2014-03-20	4.0			0.0
2014-03-21	393	5	1500.0	63	2014-03-21	5.0			0.0
2014-03-22	394	6	222.0	63	2014-03-22	6.0			1.0
2014-03-24	395	1	1582.0	64	2014-03-24	1.0			0.0
2014-03-25	396	2	2051.0	64	2014-03-25	2.0			0.0
2014-03-26	397	3	2954.0	64	2014-03-26	3.0			0.0
2014-03-27	398	4	1534.0	64	2014-03-27	4.0			0.0
2014-03-28	399	5	2473.0	64	2014-03-28	5.0			0.0
2014-03-29	400	6	139.0	64	2014-03-29	6.0			1.0
2014-03-30	401	7	25.0	64	2014-03-30	7.0			1.0
2014-03-31	402	1	1739.0	65	2014-03-31	1.0			0.0
2014-04-01	403	2	1915.0	65	2014-04-01	2.0			0.0
2014-04-02	404	3	1787.0	65	2014-04-02	3.0			0.0
2014-04-03	405	4	1668.0	65	2014-04-03	4.0			0.0
2014-04-04	406	5	1348.0	65	2014-04-04	5.0			0.0
2014-04-05	407	6	25.0	65	2014-04-05	6.0	1.0		1.0
2014-04-06	408	7	22.0	65	2014-04-06	7.0	1.0		1.0
2014-04-07	409	1	59.0	66	2014-04-07	1.0	1.0	1.0	1.0
2014-04-08	410	2	3076.0	66	2014-04-08	2.0			0.0
2014-04-09	411	3	2469.0	66	2014-04-09	3.0			0.0
2014-04-10	412	4	1603.0	66	2014-04-10	4.0			0.0
2014-04-11	413	5	1460.0	66	2014-04-11	5.0			0.0
2014-04-12	414	6	182.0	66	2014-04-12	6.0			1.0
2014-04-14	415	1	1901.0	67	2014-04-14	1.0			0.0
2014-04-15	416	2	1870.0	67	2014-04-15	2.0			0.0
2014-04-16	417	3	1682.0	67	2014-04-16	3.0			0.0
2014-04-17	418	4	2176.0	67	2014-04-17	4.0			0.0
2014-04-18	419	5	1885.0	67	2014-04-18	5.0			0.0
2014-04-19	420	6	357.0	67	2014-04-19	6.0			1.0
2014-04-20	421	7	22.0	67	2014-04-20	7.0			1.0
2014-04-21	422	1	2070.0	68	2014-04-21	1.0			0.0
2014-04-22	423	2	2607.0	68	2014-04-22	2.0			0.0
2014-04-23	424	3	1803.0	68	2014-04-23	3.0			0.0
2014-04-24	425	4	1100.0	68	2014-04-24	4.0			0.0
2014-04-25	426	5	2248.0	68	2014-04-25	5.0			0.0
2014-04-26	427	6	230.0	68	2014-04-26	6.0			1.0
2014-04-28	428	1	1901.0	69	2014-04-28	1.0			0.0
2014-04-29	429	2	2174.0	69	2014-04-29	2.0			0.0
2014-04-30	430	3	1863.0	69	2014-04-30	3.0			0.0
2014-05-02	431	5	12.0	69	2014-05-02	5.0	1.0	1.0	1.0
2014-05-03	432	6	72.0	69	2014-05-03	6.0	1.0		1.0
2014-05-04	433	7	2590.0	69	2014-05-04	7.0	0.0	1.0	0.0
2014-05-05	434	1	1621.0	70	2014-05-05	1.0			0.0
2014-05-06	435	2	2257.0	70	2014-05-06	2.0			0.0
2014-05-07	436	3	2025.0	70	2014-05-07	3.0			0.0
2014-05-08	437	4	2284.0	70	2014-05-08	4.0			0.0
2014-05-09	438	5	1628.0	70	2014-05-09	5.0			0.0
2014-05-10	439	6	191.0	70	2014-05-10	6.0			1.0
2014-05-12	440	1	1599.0	71	2014-05-12	1.0			0.0
2014-05-13	441	2	1857.0	71	2014-05-13	2.0			0.0
2014-05-14	442	3	1755.0	71	2014-05-14	3.0			0.0
2014-05-15	443	4	1230.0	71	2014-05-15	4.0			0.0
2014-05-16	444	5	1686.0	71	2014-05-16	5.0			0.0
2014-05-17	445	6	263.0	71	2014-05-17	6.0			1.0
2014-05-18	446	7	18.0	71	2014-05-18	7.0			1.0
2014-05-19	447	1	1812.0	72	2014-05-19	1.0			0.0
2014-05-20	448	2	1841.0	72	2014-05-20	2.0			0.0
2014-05-21	449	3	1090.0	72	2014-05-21	3.0			0.0
2014-05-22	450	4	1253.0	72	2014-05-22	4.0			0.0
2014-05-23	451	5	1545.0	72	2014-05-23	5.0			0.0
2014-05-24	452	6	123.0	72	2014-05-24	6.0			1.0
2014-05-26	453	1	1862.0	73	2014-05-26	1.0			0.0
2014-05-27	454	2	1769.0	73	2014-05-27	2.0			0.0
2014-05-28	455	3	1302.0	73	2014-05-28	3.0			0.0
2014-05-29	456	4	1201.0	73	2014-05-29	4.0			0.0
2014-05-30	457	5	2338.0	73	2014-05-30	5.0			0.0
2014-05-31	458	6	153.0	73	2014-05-31	6.0	1.0		1.0
2014-06-01	459	7	47.0	73	2014-06-01	7.0	1.0		1.0
2014-06-03	460	2	2908.0	74	2014-06-03	2.0			0.0
2014-06-04	461	3	1661.0	74	2014-06-04	3.0			0.0
2014-06-05	462	4	1081.0	74	2014-06-05	4.0			0.0
2014-06-06	463	5	1774.0	74	2014-06-06	5.0			0.0
2014-06-07	464	6	124.0	74	2014-06-07	6.0			1.0
2014-06-08	465	7	13.0	74	2014-06-08	7.0			1.0
2014-06-09	466	1	1919.0	75	2014-06-09	1.0			0.0
2014-06-10	467	2	1288.0	75	2014-06-10	2.0			0.0
2014-06-11	468	3	1073.0	75	2014-06-11	3.0			0.0
2014-06-12	469	4	1025.0	75	2014-06-12	4.0			0.0
2014-06-13	470	5	1383.0	75	2014-06-13	5.0			0.0
2014-06-14	471	6	212.0	75	2014-06-14	6.0			1.0
2014-06-16	472	1	1489.0	76	2014-06-16	1.0			0.0
2014-06-17	473	2	1713.0	76	2014-06-17	2.0			0.0
2014-06-18	474	3	1952.0	76	2014-06-18	3.0			0.0
2014-06-19	475	4	1227.0	76	2014-06-19	4.0			0.0
2014-06-20	476	5	1370.0	76	2014-06-20	5.0			0.0
2014-06-21	477	6	133.0	76	2014-06-21	6.0			1.0
2014-06-23	478	1	1616.0	77	2014-06-23	1.0			0.0
2014-06-24	479	2	2016.0	77	2014-06-24	2.0			0.0
2014-06-25	480	3	2483.0	77	2014-06-25	3.0			0.0
2014-06-26	481	4	1467.0	77	2014-06-26	4.0			0.0
2014-06-27	482	5	2049.0	77	2014-06-27	5.0			0.0
2014-06-28	483	6	291.0	77	2014-06-28	6.0			1.0
2014-06-30	484	1	1184.0	78	2014-06-30	1.0			0.0
2014-07-01	485	2	2822.0	78	2014-07-01	2.0			0.0
2014-07-02	486	3	2027.0	78	2014-07-02	3.0			0.0
2014-07-03	487	4	1542.0	78	2014-07-03	4.0			0.0
2014-07-04	488	5	1754.0	78	2014-07-04	5.0			0.0
2014-07-05	489	6	107.0	78	2014-07-05	6.0			1.0
2014-07-07	490	1	1983.0	79	2014-07-07	1.0			0.0
2014-07-08	491	2	2209.0	79	2014-07-08	2.0			0.0
2014-07-09	492	3	1731.0	79	2014-07-09	3.0			0.0
2014-07-10	493	4	1266.0	79	2014-07-10	4.0			0.0
2014-07-11	494	5	1494.0	79	2014-07-11	5.0			0.0
2014-07-12	495	6	152.0	79	2014-07-12	6.0			1.0
2014-07-14	496	1	2065.0	80	2014-07-14	1.0			0.0
2014-07-15	497	2	2072.0	80	2014-07-15	2.0			0.0
2014-07-16	498	3	1792.0	80	2014-07-16	3.0			0.0
2014-07-17	499	4	1512.0	80	2014-07-17	4.0			0.0
2014-07-18	500	5	1853.0	80	2014-07-18	5.0			0.0
2014-07-19	501	6	248.0	80	2014-07-19	6.0			1.0
2014-07-21	502	1	1740.0	81	2014-07-21	1.0			0.0
2014-07-22	503	2	1739.0	81	2014-07-22	2.0			0.0
2014-07-23	504	3	1495.0	81	2014-07-23	3.0			0.0
2014-07-24	505	4	1656.0	81	2014-07-24	4.0			0.0
2014-07-25	506	5	1244.0	81	2014-07-25	5.0			0.0
2014-07-26	507	6	41.0	81	2014-07-26	6.0			1.0
2014-07-28	508	1	1755.0	82	2014-07-28	1.0			0.0
2014-07-29	509	2	1749.0	82	2014-07-29	2.0			0.0
2014-07-30	510	3	1313.0	82	2014-07-30	3.0			0.0
2014-07-31	511	4	1175.0	82	2014-07-31	4.0			0.0
2014-08-01	512	5	1391.0	82	2014-08-01	5.0			0.0
2014-08-02	513	6	248.0	82	2014-08-02	6.0			1.0
2014-08-04	514	1	2022.0	83	2014-08-04	1.0			0.0
2014-08-05	515	2	2787.0	83	2014-08-05	2.0			0.0
2014-08-06	516	3	1658.0	83	2014-08-06	3.0			0.0
2014-08-07	517	4	1023.0	83	2014-08-07	4.0			0.0
2014-08-08	518	5	1545.0	83	2014-08-08	5.0			0.0
2014-08-09	519	6	207.0	83	2014-08-09	6.0			1.0
2014-08-11	520	1	2076.0	84	2014-08-11	1.0			0.0
2014-08-12	521	2	1416.0	84	2014-08-12	2.0			0.0
2014-08-13	522	3	1421.0	84	2014-08-13	3.0			0.0
2014-08-14	523	4	1130.0	84	2014-08-14	4.0			0.0
2014-08-15	524	5	1377.0	84	2014-08-15	5.0			0.0
2014-08-16	525	6	248.0	84	2014-08-16	6.0			1.0
2014-08-18	526	1	1867.0	85	2014-08-18	1.0			0.0
2014-08-19	527	2	1941.0	85	2014-08-19	2.0			0.0
2014-08-20	528	3	1707.0	85	2014-08-20	3.0			0.0
2014-08-21	529	4	1510.0	85	2014-08-21	4.0			0.0
2014-08-22	530	5	1065.0	85	2014-08-22	5.0			0.0
2014-08-23	531	6	305.0	85	2014-08-23	6.0			1.0
2014-08-24	532	7	13.0	85	2014-08-24	7.0			1.0
2014-08-25	533	1	1824.0	86	2014-08-25	1.0			0.0
2014-08-26	534	2	2049.0	86	2014-08-26	2.0			0.0
2014-08-27	535	3	1371.0	86	2014-08-27	3.0			0.0
2014-08-28	536	4	1299.0	86	2014-08-28	4.0			0.0
2014-08-29	537	5	1752.0	86	2014-08-29	5.0			0.0
2014-08-30	538	6	212.0	86	2014-08-30	6.0			1.0
2014-09-01	539	1	2764.0	87	2014-09-01	1.0			0.0
2014-09-02	540	2	2466.0	87	2014-09-02	2.0			0.0
2014-09-03	541	3	2079.0	87	2014-09-03	3.0			0.0
2014-09-04	542	4	1471.0	87	2014-09-04	4.0			0.0
2014-09-05	543	5	2344.0	87	2014-09-05	5.0			0.0
2014-09-06	544	6	218.0	87	2014-09-06	6.0	1.0		1.0
2014-09-09	545	2	4044.0	88	2014-09-09	2.0			0.0
2014-09-10	546	3	2265.0	88	2014-09-10	3.0			0.0
2014-09-11	547	4	1602.0	88	2014-09-11	4.0			0.0
2014-09-12	548	5	2033.0	88	2014-09-12	5.0			0.0
2014-09-13	549	6	317.0	88	2014-09-13	6.0			1.0
2014-09-15	550	1	2209.0	89	2014-09-15	1.0			0.0
2014-09-16	551	2	2231.0	89	2014-09-16	2.0			0.0
2014-09-17	552	3	1190.0	89	2014-09-17	3.0			0.0
2014-09-18	553	4	1413.0	89	2014-09-18	4.0			0.0
2014-09-19	554	5	2097.0	89	2014-09-19	5.0			0.0
2014-09-20	555	6	205.0	89	2014-09-20	6.0			1.0
2014-09-22	556	1	2156.0	90	2014-09-22	1.0			0.0
2014-09-23	557	2	2219.0	90	2014-09-23	2.0			0.0
2014-09-24	558	3	1801.0	90	2014-09-24	3.0			0.0
2014-09-25	559	4	1657.0	90	2014-09-25	4.0			0.0
2014-09-26	560	5	2965.0	90	2014-09-26	5.0			0.0
2014-09-27	561	6	382.0	90	2014-09-27	6.0			1.0
2014-09-28	562	7	1268.0	90	2014-09-28	7.0	0.0	1.0	0.0
2014-09-29	563	1	2915.0	91	2014-09-29	1.0			0.0
2014-09-30	564	2	3137.0	91	2014-09-30	2.0			0.0
2014-10-01	565	3	132.0	91	2014-10-01	3.0	1.0	1.0	1.0
2014-10-06	566	1	52.0	92	2014-10-06	1.0	1.0	1.0	1.0
2014-10-07	567	2	15.0	92	2014-10-07	2.0	1.0	1.0	1.0
2014-10-08	568	3	4783.0	92	2014-10-08	3.0			0.0
2014-10-09	569	4	2396.0	92	2014-10-09	4.0			0.0
2014-10-10	570	5	2454.0	92	2014-10-10	5.0			0.0
2014-10-11	571	6	1964.0	92	2014-10-11	6.0	0.0	1.0	0.0
2014-10-12	572	7	35.0	92	2014-10-12	7.0			1.0
2014-10-13	573	1	3096.0	93	2014-10-13	1.0			0.0
2014-10-14	574	2	2441.0	93	2014-10-14	2.0			0.0
2014-10-15	575	3	2282.0	93	2014-10-15	3.0			0.0
2014-10-16	576	4	1467.0	93	2014-10-16	4.0			0.0
2014-10-17	577	5	1432.0	93	2014-10-17	5.0			0.0
2014-10-18	578	6	193.0	93	2014-10-18	6.0			1.0
2014-10-20	579	1	1792.0	94	2014-10-20	1.0			0.0
2014-10-21	580	2	2085.0	94	2014-10-21	2.0			0.0
2014-10-22	581	3	1967.0	94	2014-10-22	3.0			0.0
2014-10-23	582	4	1312.0	94	2014-10-23	4.0			0.0
2014-10-24	583	5	1381.0	94	2014-10-24	5.0			0.0
2014-10-25	584	6	218.0	94	2014-10-25	6.0			1.0
2014-10-27	585	1	1993.0	95	2014-10-27	1.0			0.0
2014-10-28	586	2	2389.0	95	2014-10-28	2.0			0.0
2014-10-29	587	3	2061.0	95	2014-10-29	3.0			0.0
2014-10-30	588	4	2394.0	95	2014-10-30	4.0			0.0
2014-10-31	589	5	1579.0	95	2014-10-31	5.0			0.0
2014-11-01	590	6	15.0	95	2014-11-01	6.0			1.0
2014-11-03	591	1	2136.0	96	2014-11-03	1.0			0.0
2014-11-04	592	2	1946.0	96	2014-11-04	2.0			0.0
2014-11-05	593	3	1762.0	96	2014-11-05	3.0			0.0
2014-11-06	594	4	1342.0	96	2014-11-06	4.0			0.0
2014-11-07	595	5	1718.0	96	2014-11-07	5.0			0.0
2014-11-08	596	6	256.0	96	2014-11-08	6.0			1.0
2014-11-10	597	1	2041.0	97	2014-11-10	1.0			0.0
2014-11-11	598	2	1692.0	97	2014-11-11	2.0			0.0
2014-11-12	599	3	1867.0	97	2014-11-12	3.0			0.0
2014-11-13	600	4	1085.0	97	2014-11-13	4.0			0.0
2014-11-14	601	5	1932.0	97	2014-11-14	5.0			0.0
2014-11-15	602	6	245.0	97	2014-11-15	6.0			1.0
2014-11-16	603	7	22.0	97	2014-11-16	7.0			1.0
2014-11-17	604	1	2175.0	98	2014-11-17	1.0			0.0
2014-11-18	605	2	2356.0	98	2014-11-18	2.0			0.0
2014-11-19	606	3	1869.0	98	2014-11-19	3.0			0.0
2014-11-20	607	4	1468.0	98	2014-11-20	4.0			0.0
2014-11-21	608	5	1756.0	98	2014-11-21	5.0			0.0
2014-11-22	609	6	246.0	98	2014-11-22	6.0			1.0
2014-11-24	610	1	1863.0	99	2014-11-24	1.0			0.0
2014-11-25	611	2	2242.0	99	2014-11-25	2.0			0.0
2014-11-26	612	3	1585.0	99	2014-11-26	3.0			0.0
2014-11-27	613	4	1243.0	99	2014-11-27	4.0			0.0
2014-11-28	614	5	1409.0	99	2014-11-28	5.0			0.0
2014-11-29	615	6	344.0	99	2014-11-29	6.0			1.0
2014-12-01	616	1	2294.0	100	2014-12-01	1.0			0.0
2014-12-02	617	2	1778.0	100	2014-12-02	2.0			0.0
2014-12-03	618	3	1755.0	100	2014-12-03	3.0			0.0
2014-12-04	619	4	1641.0	100	2014-12-04	4.0			0.0
2014-12-05	620	5	1459.0	100	2014-12-05	5.0			0.0
2014-12-06	621	6	261.0	100	2014-12-06	6.0			1.0
2014-12-08	622	1	2024.0	101	2014-12-08	1.0			0.0
2014-12-09	623	2	2490.0	101	2014-12-09	2.0			0.0
2014-12-10	624	3	1504.0	101	2014-12-10	3.0			0.0
2014-12-11	625	4	1695.0	101	2014-12-11	4.0			0.0
2014-12-12	626	5	1706.0	101	2014-12-12	5.0			0.0
2014-12-13	627	6	138.0	101	2014-12-13	6.0			1.0
2014-12-15	628	1	2113.0	102	2014-12-15	1.0			0.0
2014-12-16	629	2	2036.0	102	2014-12-16	2.0			0.0
2014-12-17	630	3	1729.0	102	2014-12-17	3.0			0.0
2014-12-18	631	4	1332.0	102	2014-12-18	4.0			0.0
2014-12-19	632	5	1977.0	102	2014-12-19	5.0			0.0
2014-12-20	633	6	186.0	102	2014-12-20	6.0			1.0
2014-12-22	634	1	1593.0	103	2014-12-22	1.0			0.0
2014-12-23	635	2	3091.0	103	2014-12-23	2.0			0.0
2014-12-24	636	3	1960.0	103	2014-12-24	3.0			0.0
2014-12-25	637	4	769.0	103	2014-12-25	4.0			0.0
2014-12-26	638	5	1844.0	103	2014-12-26	5.0			0.0
2014-12-27	639	6	140.0	103	2014-12-27	6.0			1.0
2014-12-28	640	7	25.0	103	2014-12-28	7.0			1.0
2014-12-29	641	1	2167.0	104	2014-12-29	1.0			0.0
2014-12-30	642	2	1292.0	104	2014-12-30	2.0			0.0
2014-12-31	643	3	1278.0	104	2014-12-31	3.0			0.0
2015-01-01	644	4	75.0	104	2015-01-01	4.0	1.0	1.0	1.0
2015-01-04	645	7	3000.0	104	2015-01-04	7.0	0.0	1.0	0.0
2015-01-05	646	1	3000.0	105	2015-01-05	1.0			0.0
2015-01-06	647	2	3000.0	105	2015-01-06	2.0			0.0
2015-01-07	648	3	3616.0	105	2015-01-07	3.0			0.0
2015-01-08	649	4	3000.0	105	2015-01-08	4.0			0.0
2015-01-09	650	5	3000.0	105	2015-01-09	5.0			0.0
2015-01-10	651	6	796.0	105	2015-01-10	6.0			1.0
2015-01-12	652	1	4259.0	106	2015-01-12	1.0			0.0
2015-01-13	653	2	3472.0	106	2015-01-13	2.0			0.0
2015-01-14	654	3	2482.0	106	2015-01-14	3.0			0.0
2015-01-15	655	4	2722.0	106	2015-01-15	4.0			0.0
2015-01-16	656	5	2869.0	106	2015-01-16	5.0			0.0
2015-01-17	657	6	448.0	106	2015-01-17	6.0			1.0
2015-01-18	658	7	24.0	106	2015-01-18	7.0			1.0
2015-01-19	659	1	3425.0	107	2015-01-19	1.0			0.0
2015-01-20	660	2	2794.0	107	2015-01-20	2.0			0.0
2015-01-21	661	3	2954.0	107	2015-01-21	3.0			0.0
2015-01-22	662	4	2501.0	107	2015-01-22	4.0			0.0
2015-01-23	663	5	2883.0	107	2015-01-23	5.0			0.0
2015-01-24	664	6	699.0	107	2015-01-24	6.0			1.0
2015-01-25	665	7	24.0	107	2015-01-25	7.0			1.0
2015-01-26	666	1	2692.0	108	2015-01-26	1.0			0.0
2015-01-27	667	2	3526.0	108	2015-01-27	2.0			0.0
2015-01-28	668	3	3877.0	108	2015-01-28	3.0			0.0
2015-01-29	669	4	2546.0	108	2015-01-29	4.0			0.0
2015-01-30	670	5	2709.0	108	2015-01-30	5.0			0.0
2015-01-31	671	6	471.0	108	2015-01-31	6.0			1.0
2015-02-02	672	1	3469.0	109	2015-02-02	1.0			0.0
2015-02-03	673	2	3498.0	109	2015-02-03	2.0			0.0
2015-02-04	674	3	3835.0	109	2015-02-04	3.0			0.0
2015-02-05	675	4	2530.0	109	2015-02-05	4.0			0.0
2015-02-06	676	5	2564.0	109	2015-02-06	5.0			0.0
2015-02-07	677	6	367.0	109	2015-02-07	6.0			1.0
2015-02-09	678	1	4217.0	110	2015-02-09	1.0			0.0
2015-02-10	679	2	4630.0	110	2015-02-10	2.0			0.0
2015-02-11	680	3	3877.0	110	2015-02-11	3.0			0.0
2015-02-12	681	4	4141.0	110	2015-02-12	4.0			0.0
2015-02-13	682	5	3701.0	110	2015-02-13	5.0			0.0
2015-02-14	683	6	652.0	110	2015-02-14	6.0			1.0
2015-02-15	684	7	2663.0	110	2015-02-15	7.0	0.0	1.0	0.0
2015-02-16	685	1	4903.0	111	2015-02-16	1.0			0.0
2015-02-17	686	2	2040.0	111	2015-02-17	2.0			0.0
2015-02-24	687	2	23.0	112	2015-02-24	2.0	1.0	1.0	1.0
2015-02-25	688	3	4712.0	112	2015-02-25	3.0			0.0
2015-02-26	689	4	4395.0	112	2015-02-26	4.0			0.0
2015-02-27	690	5	3661.0	112	2015-02-27	5.0			0.0
2015-02-28	691	6	2073.0	112	2015-02-28	6.0	0.0	1.0	0.0
2015-03-02	692	1	4832.0	113	2015-03-02	1.0			0.0
2015-03-03	693	2	4032.0	113	2015-03-03	2.0			0.0
2015-03-04	694	3	2054.0	113	2015-03-04	3.0			0.0
2015-03-05	695	4	1477.0	113	2015-03-05	4.0			0.0
2015-03-06	696	5	1808.0	113	2015-03-06	5.0			0.0
2015-03-07	697	6	290.0	113	2015-03-07	6.0			1.0
2015-03-09	698	1	2028.0	114	2015-03-09	1.0			0.0
2015-03-10	699	2	2479.0	114	2015-03-10	2.0			0.0
2015-03-11	700	3	1426.0	114	2015-03-11	3.0			0.0
2015-03-12	701	4	1693.0	114	2015-03-12	4.0			0.0
2015-03-13	702	5	1626.0	114	2015-03-13	5.0			0.0
2015-03-14	703	6	236.0	114	2015-03-14	6.0			1.0
2015-03-16	704	1	2508.0	115	2015-03-16	1.0			0.0
2015-03-17	705	2	2491.0	115	2015-03-17	2.0			0.0
2015-03-18	706	3	1907.0	115	2015-03-18	3.0			0.0
2015-03-19	707	4	1524.0	115	2015-03-19	4.0			0.0
2015-03-20	708	5	1664.0	115	2015-03-20	5.0			0.0
2015-03-21	709	6	948.0	115	2015-03-21	6.0			1.0
2015-03-23	710	1	2617.0	116	2015-03-23	1.0			0.0
2015-03-24	711	2	2325.0	116	2015-03-24	2.0			0.0
2015-03-25	712	3	2451.0	116	2015-03-25	3.0			0.0
2015-03-26	713	4	1140.0	116	2015-03-26	4.0			0.0
2015-03-27	714	5	1696.0	116	2015-03-27	5.0			0.0
2015-03-28	715	6	376.0	116	2015-03-28	6.0			1.0
2015-03-30	716	1	2280.0	117	2015-03-30	1.0			0.0
2015-03-31	717	2	2007.0	117	2015-03-31	2.0			0.0
2015-04-01	718	3	1784.0	117	2015-04-01	3.0			0.0
2015-04-02	719	4	1102.0	117	2015-04-02	4.0			0.0
2015-04-03	720	5	1902.0	117	2015-04-03	5.0			0.0
2015-04-04	721	6	55.0	117	2015-04-04	6.0	1.0		1.0
2015-04-06	722	1	13.0	118	2015-04-06	1.0	1.0	1.0	1.0
2015-04-07	723	2	3380.0	118	2015-04-07	2.0			0.0
2015-04-08	724	3	2690.0	118	2015-04-08	3.0			0.0
2015-04-09	725	4	1348.0	118	2015-04-09	4.0			0.0
2015-04-10	726	5	2035.0	118	2015-04-10	5.0			0.0
2015-04-11	727	6	139.0	118	2015-04-11	6.0			1.0
2015-04-12	728	7	20.0	118	2015-04-12	7.0			1.0
2015-04-13	729	1	2044.0	119	2015-04-13	1.0			0.0
2015-04-14	730	2	2024.0	119	2015-04-14	2.0			0.0
2015-04-15	731	3	1455.0	119	2015-04-15	3.0			0.0
2015-04-16	732	4	1354.0	119	2015-04-16	4.0			0.0
2015-04-17	733	5	1310.0	119	2015-04-17	5.0			0.0
2015-04-18	734	6	275.0	119	2015-04-18	6.0			1.0
2015-04-20	735	1	2424.0	120	2015-04-20	1.0			0.0
2015-04-21	736	2	2985.0	120	2015-04-21	2.0			0.0
2015-04-22	737	3	2014.0	120	2015-04-22	3.0			0.0
2015-04-23	738	4	1105.0	120	2015-04-23	4.0			0.0
2015-04-24	739	5	1524.0	120	2015-04-24	5.0			0.0
2015-04-25	740	6	378.0	120	2015-04-25	6.0			1.0
2015-04-27	741	1	2491.0	121	2015-04-27	1.0			0.0
2015-04-28	742	2	2830.0	121	2015-04-28	2.0			0.0
2015-04-29	743	3	2155.0	121	2015-04-29	3.0			0.0
2015-04-30	744	4	2017.0	121	2015-04-30	4.0			0.0
2015-05-01	745	5	27.0	121	2015-05-01	5.0	1.0	1.0	1.0
2015-05-04	746	1	3150.0	122	2015-05-04	1.0			0.0
2015-05-05	747	2	2383.0	122	2015-05-05	2.0			0.0
2015-05-06	748	3	2824.0	122	2015-05-06	3.0			0.0
2015-05-07	749	4	1876.0	122	2015-05-07	4.0			0.0
2015-05-08	750	5	2054.0	122	2015-05-08	5.0			0.0
2015-05-09	751	6	321.0	122	2015-05-09	6.0			1.0
2015-05-11	752	1	2384.0	123	2015-05-11	1.0			0.0
2015-05-12	753	2	2472.0	123	2015-05-12	2.0			0.0
2015-05-13	754	3	1881.0	123	2015-05-13	3.0			0.0
2015-05-14	755	4	1816.0	123	2015-05-14	4.0			0.0
2015-05-15	756	5	1361.0	123	2015-05-15	5.0			0.0
2015-05-16	757	6	314.0	123	2015-05-16	6.0			1.0
2015-05-18	758	1	3309.0	124	2015-05-18	1.0			0.0
2015-05-19	759	2	1948.0	124	2015-05-19	2.0			0.0
2015-05-20	760	3	1722.0	124	2015-05-20	3.0			0.0
2015-05-21	761	4	1520.0	124	2015-05-21	4.0			0.0
2015-05-22	762	5	2232.0	124	2015-05-22	5.0			0.0
2015-05-23	763	6	497.0	124	2015-05-23	6.0			1.0
2015-05-25	764	1	2037.0	125	2015-05-25	1.0			0.0
2015-05-26	765	2	2246.0	125	2015-05-26	2.0			0.0
2015-05-27	766	3	1447.0	125	2015-05-27	3.0			0.0
2015-05-28	767	4	1478.0	125	2015-05-28	4.0			0.0
2015-05-29	768	5	1631.0	125	2015-05-29	5.0			0.0
2015-05-30	769	6	128.0	125	2015-05-30	6.0			1.0
2015-06-01	770	1	2102.0	126	2015-06-01	1.0			0.0
2015-06-02	771	2	2114.0	126	2015-06-02	2.0			0.0
2015-06-03	772	3	1964.0	126	2015-06-03	3.0			0.0
2015-06-04	773	4	1427.0	126	2015-06-04	4.0			0.0
2015-06-05	774	5	1416.0	126	2015-06-05	5.0			0.0
2015-06-06	775	6	319.0	126	2015-06-06	6.0			1.0
2015-06-08	776	1	2147.0	127	2015-06-08	1.0			0.0
2015-06-09	777	2	1925.0	127	2015-06-09	2.0			0.0
2015-06-10	778	3	1668.0	127	2015-06-10	3.0			0.0
2015-06-11	779	4	1692.0	127	2015-06-11	4.0			0.0
2015-06-12	780	5	1517.0	127	2015-06-12	5.0			0.0
2015-06-13	781	6	381.0	127	2015-06-13	6.0			1.0
2015-06-15	782	1	2327.0	128	2015-06-15	1.0			0.0
2015-06-16	783	2	1926.0	128	2015-06-16	2.0			0.0
2015-06-17	784	3	1387.0	128	2015-06-17	3.0			0.0
2015-06-18	785	4	1533.0	128	2015-06-18	4.0			0.0
2015-06-19	786	5	1946.0	128	2015-06-19	5.0			0.0
2015-06-20	787	6	89.0	128	2015-06-20	6.0	1.0		1.0
2015-06-23	788	2	3157.0	129	2015-06-23	2.0			0.0
2015-06-24	789	3	1933.0	129	2015-06-24	3.0			0.0
2015-06-25	790	4	1257.0	129	2015-06-25	4.0			0.0
2015-06-26	791	5	2051.0	129	2015-06-26	5.0			0.0
2015-06-27	792	6	472.0	129	2015-06-27	6.0			1.0
2015-06-29	793	1	2031.0	130	2015-06-29	1.0			0.0
2015-06-30	794	2	1465.0	130	2015-06-30	2.0			0.0
2015-07-01	795	3	2291.0	130	2015-07-01	3.0			0.0
2015-07-02	796	4	1380.0	130	2015-07-02	4.0			0.0
2015-07-03	797	5	1659.0	130	2015-07-03	5.0			0.0
2015-07-04	798	6	401.0	130	2015-07-04	6.0			1.0
2015-07-06	799	1	2248.0	131	2015-07-06	1.0			0.0
2015-07-07	800	2	3005.0	131	2015-07-07	2.0			0.0
2015-07-08	801	3	2281.0	131	2015-07-08	3.0			0.0
2015-07-09	802	4	1062.0	131	2015-07-09	4.0			0.0
2015-07-10	803	5	1675.0	131	2015-07-10	5.0			0.0
2015-07-11	804	6	304.0	131	2015-07-11	6.0			1.0
2015-07-13	805	1	2034.0	132	2015-07-13	1.0			0.0
2015-07-14	806	2	2520.0	132	2015-07-14	2.0			0.0
2015-07-15	807	3	1944.0	132	2015-07-15	3.0			0.0
2015-07-16	808	4	1398.0	132	2015-07-16	4.0			0.0
2015-07-17	809	5	1384.0	132	2015-07-17	5.0			0.0
2015-07-18	810	6	288.0	132	2015-07-18	6.0			1.0
2015-07-20	811	1	1804.0	133	2015-07-20	1.0			0.0
2015-07-21	812	2	2255.0	133	2015-07-21	2.0			0.0
2015-07-22	813	3	1893.0	133	2015-07-22	3.0			0.0
2015-07-23	814	4	1193.0	133	2015-07-23	4.0			0.0
2015-07-24	815	5	1907.0	133	2015-07-24	5.0			0.0
2015-07-25	816	6	185.0	133	2015-07-25	6.0			1.0
2015-07-27	817	1	1304.0	134	2015-07-27	1.0			0.0
2015-07-28	818	2	2076.0	134	2015-07-28	2.0			0.0
2015-07-29	819	3	1754.0	134	2015-07-29	3.0			0.0
2015-07-30	820	4	1155.0	134	2015-07-30	4.0			0.0
2015-07-31	821	5	1613.0	134	2015-07-31	5.0			0.0
2015-08-01	822	6	410.0	134	2015-08-01	6.0			1.0
2015-08-03	823	1	2437.0	135	2015-08-03	1.0			0.0
2015-08-04	824	2	2596.0	135	2015-08-04	2.0			0.0
2015-08-05	825	3	1823.0	135	2015-08-05	3.0			0.0
2015-08-06	826	4	1951.0	135	2015-08-06	4.0			0.0
2015-08-07	827	5	1983.0	135	2015-08-07	5.0			0.0
2015-08-08	828	6	297.0	135	2015-08-08	6.0			1.0
2015-08-10	829	1	2186.0	136	2015-08-10	1.0			0.0
2015-08-11	830	2	1608.0	136	2015-08-11	2.0			0.0
2015-08-12	831	3	2334.0	136	2015-08-12	3.0			0.0
2015-08-13	832	4	2051.0	136	2015-08-13	4.0			0.0
2015-08-14	833	5	1795.0	136	2015-08-14	5.0			0.0
2015-08-15	834	6	346.0	136	2015-08-15	6.0			1.0
2015-08-17	835	1	1926.0	137	2015-08-17	1.0			0.0
2015-08-18	836	2	1902.0	137	2015-08-18	2.0			0.0
2015-08-19	837	3	1604.0	137	2015-08-19	3.0			0.0
2015-08-20	838	4	1357.0	137	2015-08-20	4.0			0.0
2015-08-21	839	5	1893.0	137	2015-08-21	5.0			0.0
2015-08-22	840	6	227.0	137	2015-08-22	6.0			1.0
2015-08-23	841	7	24.0	137	2015-08-23	7.0			1.0
2015-08-24	842	1	2270.0	138	2015-08-24	1.0			0.0
2015-08-25	843	2	2200.0	138	2015-08-25	2.0			0.0
2015-08-26	844	3	1738.0	138	2015-08-26	3.0			0.0
2015-08-27	845	4	1327.0	138	2015-08-27	4.0			0.0
2015-08-28	846	5	1254.0	138	2015-08-28	5.0			0.0
2015-08-29	847	6	498.0	138	2015-08-29	6.0			1.0
2015-08-30	848	7	20.0	138	2015-08-30	7.0			1.0
2015-08-31	849	1	2616.0	139	2015-08-31	1.0			0.0
2015-09-01	850	2	2477.0	139	2015-09-01	2.0			0.0
2015-09-02	851	3	2305.0	139	2015-09-02	3.0			0.0
2015-09-03	852	4	12.0	139	2015-09-03	4.0	1.0	1.0	1.0
2015-09-06	853	7	3354.0	139	2015-09-06	7.0	0.0	1.0	0.0
2015-09-07	854	1	1800.0	140	2015-09-07	1.0			0.0
2015-09-08	855	2	2684.0	140	2015-09-08	2.0			0.0
2015-09-09	856	3	1475.0	140	2015-09-09	3.0			0.0
2015-09-10	857	4	1783.0	140	2015-09-10	4.0			0.0
2015-09-11	858	5	1625.0	140	2015-09-11	5.0			0.0
2015-09-12	859	6	309.0	140	2015-09-12	6.0			1.0
2015-09-14	860	1	1990.0	141	2015-09-14	1.0			0.0
2015-09-15	861	2	2256.0	141	2015-09-15	2.0			0.0
2015-09-16	862	3	2032.0	141	2015-09-16	3.0			0.0
2015-09-17	863	4	1183.0	141	2015-09-17	4.0			0.0
2015-09-18	864	5	1565.0	141	2015-09-18	5.0			0.0
2015-09-19	865	6	254.0	141	2015-09-19	6.0			1.0
2015-09-21	866	1	1983.0	142	2015-09-21	1.0			0.0
2015-09-22	867	2	2445.0	142	2015-09-22	2.0			0.0
2015-09-23	868	3	2312.0	142	2015-09-23	3.0			0.0
2015-09-24	869	4	1510.0	142	2015-09-24	4.0			0.0
2015-09-25	870	5	2380.0	142	2015-09-25	5.0			0.0
2015-09-26	871	6	61.0	142	2015-09-26	6.0	1.0		1.0
2015-09-28	872	1	3279.0	143	2015-09-28	1.0			0.0
2015-09-29	873	2	3804.0	143	2015-09-29	2.0			0.0
2015-09-30	874	3	3046.0	143	2015-09-30	3.0			0.0
2015-10-02	875	5	13.0	143	2015-10-02	5.0	1.0	1.0	1.0
2015-10-04	876	7	15.0	143	2015-10-04	7.0	1.0		1.0
2015-10-07	877	3	88.0	144	2015-10-07	3.0	1.0	1.0	1.0
2015-10-08	878	4	4354.0	144	2015-10-08	4.0			0.0
2015-10-09	879	5	3418.0	144	2015-10-09	5.0			0.0
2015-10-10	880	6	2489.0	144	2015-10-10	6.0	0.0	1.0	0.0
2015-10-12	881	1	2584.0	145	2015-10-12	1.0			0.0
2015-10-13	882	2	3546.0	145	2015-10-13	2.0			0.0
2015-10-14	883	3	2458.0	145	2015-10-14	3.0			0.0
2015-10-15	884	4	2065.0	145	2015-10-15	4.0			0.0
2015-10-16	885	5	1816.0	145	2015-10-16	5.0			0.0
2015-10-17	886	6	263.0	145	2015-10-17	6.0			1.0
2015-10-18	887	7	28.0	145	2015-10-18	7.0			1.0
2015-10-19	888	1	2407.0	146	2015-10-19	1.0			0.0
2015-10-20	889	2	3639.0	146	2015-10-20	2.0			0.0
2015-10-21	890	3	2551.0	146	2015-10-21	3.0			0.0
2015-10-22	891	4	1925.0	146	2015-10-22	4.0			0.0
2015-10-23	892	5	1989.0	146	2015-10-23	5.0			0.0
2015-10-24	893	6	181.0	146	2015-10-24	6.0			1.0
2015-10-26	894	1	2569.0	147	2015-10-26	1.0			0.0
2015-10-27	895	2	2019.0	147	2015-10-27	2.0			0.0
2015-10-28	896	3	1900.0	147	2015-10-28	3.0			0.0
2015-10-29	897	4	1180.0	147	2015-10-29	4.0			0.0
2015-10-30	898	5	1886.0	147	2015-10-30	5.0			0.0
2015-10-31	899	6	322.0	147	2015-10-31	6.0			1.0
2015-11-02	900	1	2615.0	148	2015-11-02	1.0			0.0
2015-11-03	901	2	2594.0	148	2015-11-03	2.0			0.0
2015-11-04	902	3	1760.0	148	2015-11-04	3.0			0.0
2015-11-05	903	4	1590.0	148	2015-11-05	4.0			0.0
2015-11-06	904	5	1994.0	148	2015-11-06	5.0			0.0
2015-11-07	905	6	409.0	148	2015-11-07	6.0			1.0
2015-11-08	906	7	24.0	148	2015-11-08	7.0			1.0
2015-11-09	907	1	3017.0	149	2015-11-09	1.0			0.0
2015-11-10	908	2	2538.0	149	2015-11-10	2.0			0.0
2015-11-11	909	3	2019.0	149	2015-11-11	3.0			0.0
2015-11-12	910	4	1667.0	149	2015-11-12	4.0			0.0
2015-11-13	911	5	1876.0	149	2015-11-13	5.0			0.0
2015-11-14	912	6	498.0	149	2015-11-14	6.0			1.0
2015-11-16	913	1	2237.0	150	2015-11-16	1.0			0.0
2015-11-17	914	2	2268.0	150	2015-11-17	2.0			0.0
2015-11-18	915	3	1898.0	150	2015-11-18	3.0			0.0
2015-11-19	916	4	1870.0	150	2015-11-19	4.0			0.0
2015-11-20	917	5	2174.0	150	2015-11-20	5.0			0.0
2015-11-21	918	6	540.0	150	2015-11-21	6.0			1.0
2015-11-23	919	1	2397.0	151	2015-11-23	1.0			0.0
2015-11-24	920	2	1947.0	151	2015-11-24	2.0			0.0
2015-11-25	921	3	2057.0	151	2015-11-25	3.0			0.0
2015-11-26	922	4	1860.0	151	2015-11-26	4.0			0.0
2015-11-27	923	5	2270.0	151	2015-11-27	5.0			0.0
2015-11-28	924	6	409.0	151	2015-11-28	6.0			1.0
2015-11-30	925	1	3666.0	152	2015-11-30	1.0			0.0
2015-12-01	926	2	2535.0	152	2015-12-01	2.0			0.0
2015-12-02	927	3	2063.0	152	2015-12-02	3.0			0.0
2015-12-03	928	4	1497.0	152	2015-12-03	4.0			0.0
2015-12-04	929	5	2170.0	152	2015-12-04	5.0			0.0
2015-12-05	930	6	312.0	152	2015-12-05	6.0			1.0
2015-12-07	931	1	2228.0	153	2015-12-07	1.0			0.0
2015-12-08	932	2	2098.0	153	2015-12-08	2.0			0.0
2015-12-09	933	3	2725.0	153	2015-12-09	3.0			0.0
2015-12-10	934	4	1491.0	153	2015-12-10	4.0			0.0
2015-12-11	935	5	2140.0	153	2015-12-11	5.0			0.0
2015-12-12	936	6	450.0	153	2015-12-12	6.0			1.0
2015-12-14	937	1	2057.0	154	2015-12-14	1.0			0.0
2015-12-15	938	2	2181.0	154	2015-12-15	2.0			0.0
2015-12-16	939	3	2339.0	154	2015-12-16	3.0			0.0
2015-12-17	940	4	1414.0	154	2015-12-17	4.0			0.0
2015-12-18	941	5	2924.0	154	2015-12-18	5.0			0.0
2015-12-19	942	6	482.0	154	2015-12-19	6.0			1.0
2015-12-21	943	1	1611.0	155	2015-12-21	1.0			0.0
2015-12-22	944	2	2771.0	155	2015-12-22	2.0			0.0
2015-12-23	945	3	3477.0	155	2015-12-23	3.0			0.0
2015-12-24	946	4	1565.0	155	2015-12-24	4.0			0.0
2015-12-25	947	5	2158.0	155	2015-12-25	5.0			0.0
2015-12-26	948	6	800.0	155	2015-12-26	6.0			1.0
2015-12-27	949	7	15.0	155	2015-12-27	7.0			1.0
2015-12-28	950	1	2555.0	156	2015-12-28	1.0			0.0
2015-12-29	951	2	1839.0	156	2015-12-29	2.0			0.0
2015-12-30	952	3	2331.0	156	2015-12-30	3.0			0.0
2015-12-31	953	4	772.0	156	2015-12-31	4.0			0.0
2016-01-01	954	5	70.0	156	2016-01-01	5.0	1.0	1.0	1.0
2016-01-02	955	6	33.0	156	2016-01-02	6.0	1.0		1.0
2016-01-04	956	1	6421.0	157	2016-01-04	1.0			0.0
2016-01-05	957	2	7069.0	157	2016-01-05	2.0			0.0
2016-01-06	958	3	5017.0	157	2016-01-06	3.0			0.0
2016-01-07	959	4	3192.0	157	2016-01-07	4.0			0.0
2016-01-08	960	5	4838.0	157	2016-01-08	5.0			0.0
2016-01-09	961	6	1063.0	157	2016-01-09	6.0			1.0
2016-01-11	962	1	5227.0	158	2016-01-11	1.0			0.0
2016-01-12	963	2	3848.0	158	2016-01-12	2.0			0.0
2016-01-13	964	3	3631.0	158	2016-01-13	3.0			0.0
2016-01-14	965	4	1899.0	158	2016-01-14	4.0			0.0
2016-01-15	966	5	2978.0	158	2016-01-15	5.0			0.0
2016-01-16	967	6	657.0	158	2016-01-16	6.0			1.0
2016-01-18	968	1	3859.0	159	2016-01-18	1.0			0.0
2016-01-19	969	2	4572.0	159	2016-01-19	2.0			0.0
2016-01-20	970	3	3687.0	159	2016-01-20	3.0			0.0
2016-01-21	971	4	2851.0	159	2016-01-21	4.0			0.0
2016-01-22	972	5	2644.0	159	2016-01-22	5.0			0.0
2016-01-23	973	6	429.0	159	2016-01-23	6.0			1.0
2016-01-25	974	1	3637.0	160	2016-01-25	1.0			0.0
2016-01-26	975	2	3865.0	160	2016-01-26	2.0			0.0
2016-01-27	976	3	3499.0	160	2016-01-27	3.0			0.0
2016-01-28	977	4	2374.0	160	2016-01-28	4.0			0.0
2016-01-29	978	5	3880.0	160	2016-01-29	5.0			0.0
2016-01-30	979	6	755.0	160	2016-01-30	6.0			1.0
2016-02-01	980	1	5594.0	161	2016-02-01	1.0			0.0
2016-02-02	981	2	5592.0	161	2016-02-02	2.0			0.0
2016-02-03	982	3	4690.0	161	2016-02-03	3.0			0.0
2016-02-04	983	4	4243.0	161	2016-02-04	4.0			0.0
2016-02-05	984	5	4763.0	161	2016-02-05	5.0			0.0
2016-02-06	985	6	1564.0	161	2016-02-06	6.0	0.0	1.0	0.0
2016-02-11	986	4	24.0	162	2016-02-11	4.0	1.0	1.0	1.0
2016-02-14	987	7	3664.0	162	2016-02-14	7.0	0.0	1.0	0.0
2016-02-15	988	1	3610.0	163	2016-02-15	1.0			0.0
2016-02-16	989	2	5537.0	163	2016-02-16	2.0			0.0
2016-02-17	990	3	3369.0	163	2016-02-17	3.0			0.0
2016-02-18	991	4	3054.0	163	2016-02-18	4.0			0.0
2016-02-19	992	5	2735.0	163	2016-02-19	5.0			0.0
2016-02-20	993	6	780.0	163	2016-02-20	6.0			1.0
2016-02-22	994	1	3037.0	164	2016-02-22	1.0			0.0
2016-02-23	995	2	3315.0	164	2016-02-23	2.0			0.0
2016-02-24	996	3	2221.0	164	2016-02-24	3.0			0.0
2016-02-25	997	4	1541.0	164	2016-02-25	4.0			0.0
2016-02-26	998	5	1883.0	164	2016-02-26	5.0			0.0
2016-02-27	999	6	564.0	164	2016-02-27	6.0			1.0
2016-02-29	1000	1	2525.0	165	2016-02-29	1.0			0.0
2016-03-01	1001	2	2627.0	165	2016-03-01	2.0			0.0
2016-03-02	1002	3	2374.0	165	2016-03-02	3.0			0.0
2016-03-03	1003	4	1618.0	165	2016-03-03	4.0			0.0
2016-03-04	1004	5	2259.0	165	2016-03-04	5.0			0.0
2016-03-05	1005	6	426.0	165	2016-03-05	6.0			1.0
2016-03-07	1006	1	2203.0	166	2016-03-07	1.0			0.0
2016-03-08	1007	2	2344.0	166	2016-03-08	2.0			0.0
2016-03-09	1008	3	2392.0	166	2016-03-09	3.0			0.0
2016-03-10	1009	4	1870.0	166	2016-03-10	4.0			0.0
2016-03-11	1010	5	1772.0	166	2016-03-11	5.0			0.0
2016-03-12	1011	6	610.0	166	2016-03-12	6.0			1.0
2016-03-14	1012	1	2437.0	167	2016-03-14	1.0			0.0
2016-03-15	1013	2	2326.0	167	2016-03-15	2.0			0.0
2016-03-16	1014	3	1954.0	167	2016-03-16	3.0			0.0
2016-03-17	1015	4	1569.0	167	2016-03-17	4.0			0.0
2016-03-18	1016	5	1777.0	167	2016-03-18	5.0			0.0
2016-03-19	1017	6	442.0	167	2016-03-19	6.0			1.0
2016-03-21	1018	1	2476.0	168	2016-03-21	1.0			0.0
2016-03-22	1019	2	1934.0	168	2016-03-22	2.0			0.0
2016-03-23	1020	3	2048.0	168	2016-03-23	3.0			0.0
2016-03-24	1021	4	1586.0	168	2016-03-24	4.0			0.0
2016-03-25	1022	5	2268.0	168	2016-03-25	5.0			0.0
2016-03-26	1023	6	506.0	168	2016-03-26	6.0			1.0
2016-03-28	1024	1	3439.0	169	2016-03-28	1.0			0.0
2016-03-29	1025	2	3208.0	169	2016-03-29	2.0			0.0
2016-03-30	1026	3	2277.0	169	2016-03-30	3.0			0.0
2016-03-31	1027	4	2144.0	169	2016-03-31	4.0			0.0
2016-04-01	1028	5	2519.0	169	2016-04-01	5.0			0.0
2016-04-02	1029	6	195.0	169	2016-04-02	6.0	1.0		1.0
2016-04-05	1030	2	4003.0	170	2016-04-05	2.0			0.0
2016-04-06	1031	3	2513.0	170	2016-04-06	3.0			0.0
2012-12-30	1032	4	1306.0	170					
