1250	1	339
1250	2	195
1250	3	269
1250	4	382
1250	5	507
1250	6	303
1250	7	340
1250	8	341
1250	9	667
1250	10	200
1251	1	287
1251	2	132
1251	3	198
1251	4	245
1251	5	596
1251	6	206
1251	7	255
1251	8	257
1251	9	532
1251	10	170
1252	1	303
1252	2	145
1252	3	247
1252	4	243
1252	5	596
1252	6	216
1252	7	269
1252	8	274
1252	9	590
1252	10	224
1253	1	131
1253	2	37
1253	3	137
1253	4	97
1253	5	652
1253	6	68
1253	7	105
1253	8	67
1253	9	161
1253	10	35
1254	4	374
1255	1	374
1255	2	164
1255	3	285
1255	4	442
1255	5	389
1255	6	290
1255	7	368
1255	8	485
1255	9	703
1255	10	285
1256	1	365
1256	2	261
1256	3	296
1256	4	487
1256	5	392
1256	6	302
1256	7	382
1256	8	507
1256	9	778
1256	10	286
1257	1	286
1257	2	190
1257	3	274
1257	4	375
1257	5	496
1257	6	271
1257	7	355
1257	8	409
1257	9	739
1257	10	219
1258	1	265
1258	2	156
1258	3	223
1258	4	259
1258	5	749
1258	6	209
1258	7	275
1258	8	325
1258	9	585
1258	10	282
1259	1	280
1259	2	170
1259	3	253
1259	4	306
1259	5	1038
1259	6	238
1259	7	301
1259	8	304
1259	9	509
1259	10	306
1260	1	111
1260	2	59
1260	3	155
1260	4	104
1260	5	1310
1260	6	56
1260	7	110
1260	8	170
1260	9	74
1260	10	28
1261	1	352
1261	2	185
1261	3	313
1261	4	449
1261	5	830
1261	6	286
1261	7	297
1261	8	501
1261	9	625
1261	10	275
1262	1	343
1262	2	284
1262	3	322
1262	4	494
1262	5	795
1262	6	306
1262	7	316
1262	8	468
1262	9	673
1262	10	274
1263	1	287
1263	2	227
1263	3	277
1263	4	400
1263	5	899
1263	6	272
1263	7	286
1263	8	373
1263	9	642
1263	10	210
1264	1	231
1264	2	181
1264	3	193
1264	4	271
1264	5	959
1264	6	209
1264	7	233
1264	8	367
1264	9	397
1264	10	182
1265	1	268
1265	2	195
1265	3	238
1265	4	312
1265	5	975
1265	6	223
1265	7	278
1265	8	370
1265	9	455
1265	10	247
1266	1	156
1266	2	93
1266	3	150
1266	4	111
1266	5	1065
1266	6	65
1266	7	79
1266	8	205
1266	9	125
1266	10	59
1267	6	77
1267	9	112
1268	1	404
1268	2	235
1268	3	296
1268	4	465
1268	5	785
1268	6	298
1268	7	323
1268	8	526
1268	9	536
1268	10	296
1269	1	418
1269	2	325
1269	3	307
1269	4	538
1269	5	826
1269	6	313
1269	7	346
1269	8	534
1269	9	574
1269	10	308
1270	1	318
1270	2	228
1270	3	259
1270	4	370
1270	5	891
1270	6	281
1270	7	359
1270	8	439
1270	9	569
1270	10	276
1271	1	272
1271	2	186
1271	3	195
1271	4	276
1271	5	959
1271	6	218
1271	7	300
1271	8	358
1271	9	392
1271	10	207
1272	1	288
1272	2	200
1272	3	250
1272	4	324
1272	5	982
1272	6	250
1272	7	314
1272	8	398
1272	9	487
1272	10	323
1273	1	112
1273	2	105
1273	3	161
1273	4	112
1273	5	1029
1273	6	110
1273	7	112
1273	8	229
1273	9	165
1273	10	96
1274	1	355
1274	2	249
1274	3	348
1274	4	385
1274	5	779
1274	6	320
1274	7	355
1274	8	560
1274	9	567
1274	10	362
1275	1	326
1275	2	329
1275	3	326
1275	4	476
1275	5	608
1275	6	350
1275	7	323
1275	8	620
1275	9	694
1275	10	361
1276	1	244
1276	2	252
1276	3	258
1276	4	343
1276	5	691
1276	6	301
1276	7	316
1276	8	498
1276	9	659
1276	10	294
1277	1	251
1277	2	154
1277	3	214
1277	4	247
1277	5	728
1277	6	227
1277	7	269
1277	8	383
1277	9	486
1277	10	231
1278	1	352
1278	2	209
1278	3	244
1278	4	310
1278	5	628
1278	6	280
1278	7	292
1278	8	329
1278	9	532
1278	10	291
1279	2	50
1279	3	145
1279	4	35
1279	5	680
1279	6	66
1279	7	123
1279	8	119
1279	9	130
1280	1	281
1281	1	442
1281	2	188
1281	3	308
1281	4	429
1281	5	439
1281	6	315
1281	7	352
1281	8	515
1281	9	703
1281	10	321
1282	1	326
1282	2	288
1282	3	319
1282	4	465
1282	5	483
1282	6	323
1282	7	446
1282	8	559
1282	9	741
1282	10	312
1283	1	273
1283	2	209
1283	3	257
1283	4	343
1283	5	485
1283	6	285
1283	7	375
1283	8	513
1283	9	672
1283	10	239
1284	1	221
1284	2	172
1284	3	182
1284	4	232
1284	5	576
1284	6	217
1284	7	282
1284	8	383
1284	9	513
1284	10	190
1285	1	221
1285	2	189
1285	3	247
1285	4	276
1285	5	612
1285	6	246
1285	7	313
1285	8	415
1285	9	597
1285	10	240
1286	1	120
1286	2	78
1286	4	79
1286	5	667
1286	6	63
1286	7	127
1286	8	325
1286	9	158
1286	10	43
1287	9	-26
1288	1	322
1288	2	206
1288	3	333
1288	4	414
1288	5	786
1288	6	300
1288	7	359
1288	8	674
1288	9	612
1288	10	320
1289	1	321
1289	2	309
1289	3	344
1289	4	459
1289	5	805
1289	6	318
1289	7	338
1289	8	694
1289	9	663
1289	10	302
1290	1	275
1290	2	230
1290	3	268
1290	4	347
1290	5	883
1290	6	279
1290	7	303
1290	8	500
1290	9	601
1290	10	220
1291	1	226
1291	2	184
1291	3	193
1291	4	245
1291	5	948
1291	6	220
1291	7	228
1291	8	372
1291	9	421
1291	10	189
1292	1	235
1292	2	215
1292	3	250
1292	4	302
1292	5	984
1292	6	246
1292	7	258
1292	8	375
1292	9	505
1292	10	241
1293	3	150
1293	4	77
1293	5	1035
1293	6	55
1293	7	83
1293	8	326
1293	9	85
1293	10	49
1294	1	307
1294	2	249
1294	3	331
1294	4	441
1294	5	792
1294	6	319
1294	7	316
1294	8	699
1294	9	554
1294	10	342
1295	1	357
1295	2	361
1295	3	348
1295	4	516
1295	5	813
1295	6	337
1295	7	360
1295	8	726
1295	9	592
1295	10	323
1296	1	366
1296	2	258
1296	3	256
1296	4	379
1296	5	886
1296	6	290
1296	7	323
1296	8	530
1296	9	503
1296	10	245
1297	1	337
1297	2	204
1297	3	184
1297	4	275
1297	5	981
1297	6	222
1297	7	261
1297	8	426
1297	9	324
1297	10	215
1298	1	307
1298	2	226
1298	3	231
1298	4	289
1298	5	949
1298	6	255
1298	7	314
1298	8	391
1298	9	444
1298	10	272
1299	1	162
1299	2	125
1299	3	151
1299	4	97
1299	5	1007
1299	6	104
1299	7	123
1299	8	267
1299	9	123
1299	10	79
1300	1	377
1300	2	278
1300	3	368
1300	4	370
1300	5	759
1300	6	355
1300	7	361
1300	8	529
1300	9	563
1300	10	408
1301	1	349
1301	2	367
1301	3	373
1301	4	502
1301	5	786
1301	6	375
1301	7	347
1301	8	563
1301	9	601
1301	10	390
1302	1	314
1302	2	254
1302	3	303
1302	4	370
1302	5	827
1302	6	318
1302	7	335
1302	8	359
1302	9	524
1302	10	316
1303	1	260
1303	2	195
1303	3	208
1303	4	221
1303	5	753
1303	6	251
1303	7	271
1303	8	314
1303	9	457
1303	10	255
1304	1	272
1304	2	197
1304	3	247
1304	4	255
1304	5	761
1304	6	272
1304	7	322
1304	8	255
1304	9	563
1304	10	312
1305	1	184
1305	2	65
1305	3	169
1305	4	66
1305	5	777
1305	6	128
1305	7	138
1305	8	138
1305	9	221
1305	10	141
1306	6	279
1307	1	470
1307	2	227
1307	3	354
1307	4	439
1307	5	378
1307	6	338
1307	7	376
1307	8	704
1307	9	564
1307	10	394
1308	1	463
1308	2	280
1308	3	375
1308	4	452
1308	5	449
1308	6	332
1308	7	403
1308	8	607
1308	9	704
1308	10	343
1309	1	382
1309	2	198
1309	3	283
1309	4	292
1309	5	523
1309	6	283
1309	7	341
1309	8	275
1309	9	634
1309	10	237
1310	1	330
1310	2	155
1310	3	196
1310	4	251
1310	5	585
1310	6	249
1310	7	268
1310	8	217
1310	9	439
1310	10	195
1311	1	208
1311	2	183
1311	3	245
1311	4	294
1311	5	599
1311	6	276
1311	7	363
1311	8	229
1311	9	531
1311	10	237
1312	1	231
1312	2	68
1312	3	414
1312	4	75
1312	5	628
1312	6	96
1312	7	176
1312	8	796
1312	9	117
1312	10	42
1313	1	348
1314	1	335
1314	2	222
1314	3	368
1314	4	415
1314	5	388
1314	6	302
1314	7	376
1314	8	1012
1314	9	717
1314	10	382
1315	1	343
1315	2	300
1315	3	379
1315	4	460
1315	5	405
1315	6	319
1315	7	421
1315	8	1031
1315	9	755
1315	10	363
1316	1	255
1316	2	222
1316	3	278
1316	4	343
1316	5	762
1316	6	280
1316	7	368
1316	8	705
1316	9	618
1316	10	236
1317	1	202
1317	2	177
1317	3	208
1317	4	243
1317	5	948
1317	6	219
1317	7	279
1317	8	622
1317	9	440
1317	10	191
1318	1	218
1318	2	191
1318	3	251
1318	4	287
1318	5	976
1318	6	247
1318	7	271
1318	8	630
1318	9	536
1318	10	238
1319	1	241
1319	2	78
1319	3	431
1319	4	79
1319	5	1023
1319	6	66
1319	7	135
1319	8	544
1319	9	131
1319	10	46
1320	9	114
1321	1	310
1321	2	261
1321	3	394
1321	4	441
1321	5	830
1321	6	298
1321	7	298
1321	8	970
1321	9	676
1321	10	365
1322	1	313
1322	2	339
1322	3	382
1322	4	481
1322	5	801
1322	6	316
1322	7	364
1322	8	1049
1322	9	670
1322	10	351
1323	1	247
1323	2	259
1323	3	274
1323	4	358
1323	5	885
1323	6	263
1323	7	327
1323	8	730
1323	9	573
1323	10	258
1324	1	220
1324	2	203
1324	3	203
1324	4	280
1324	5	991
1324	6	234
1324	7	248
1324	8	647
1324	9	394
1324	10	223
1325	1	326
1325	2	232
1325	3	260
1325	4	318
1325	5	986
1325	6	263
1325	7	306
1325	8	649
1325	9	477
1325	10	270
1326	6	77
1326	9	176
1327	4	508
1327	6	123
1327	9	251
1328	1	569
1328	4	434
1328	5	764
1328	6	320
1328	8	963
1328	9	618
1329	1	565
1329	2	390
1329	3	454
1329	4	526
1329	5	779
1329	6	333
1329	7	428
1329	8	990
1329	9	653
1329	10	431
1330	1	497
1330	2	250
1330	3	361
1330	4	394
1330	5	882
1330	6	311
1330	7	338
1330	8	570
1330	9	587
1330	10	370
1331	1	447
1331	2	220
1331	3	271
1331	4	289
1331	5	941
1331	6	249
1331	7	303
1331	8	476
1331	9	420
1331	10	272
1332	1	478
1332	2	237
1332	3	310
1332	4	314
1332	5	937
1332	6	274
1332	7	337
1332	8	486
1332	9	515
1332	10	327
1333	1	501
1333	2	139
1333	3	496
1333	4	113
1333	5	940
1333	6	134
1333	7	183
1333	8	385
1333	9	217
1333	10	151
1334	1	535
1334	2	356
1334	3	416
1334	4	350
1334	5	628
1334	6	343
1334	7	418
1334	8	843
1334	9	820
1334	10	477
1335	1	533
1335	2	415
1335	3	431
1335	4	430
1335	5	424
1335	6	419
1335	7	398
1335	8	873
1335	9	1102
1335	10	457
1336	1	458
1336	2	365
1336	3	333
1336	4	168
1336	5	591
1336	6	301
1336	7	367
1336	8	639
1336	9	726
1336	10	341
1337	1	326
1337	2	217
1337	3	261
1337	4	255
1337	5	664
1337	6	298
1337	7	328
1337	8	263
1337	9	356
1337	10	359
1338	1	340
1338	2	212
1338	3	313
1338	4	275
1338	5	679
1338	6	260
1338	7	312
1338	8	249
1338	9	423
1338	10	278
1339	1	342
1339	2	153
1339	3	460
1339	4	209
1339	5	659
1339	6	118
1339	7	156
1339	8	41
1339	9	51
1340	5	708
1340	6	172
1340	9	-56
1341	1	344
1341	2	225
1341	3	381
1341	4	475
1341	5	614
1341	6	329
1341	7	404
1341	8	602
1341	9	566
1341	10	390
1342	1	319
1342	2	283
1342	3	390
1342	4	507
1342	5	515
1342	6	338
1342	7	460
1342	8	1039
1342	9	622
1342	10	380
1343	1	260
1343	2	219
1343	3	313
1343	4	395
1343	5	538
1343	6	232
1343	7	386
1343	8	696
1343	9	594
1343	10	279
1344	1	193
1344	2	171
1344	3	267
1344	4	263
1344	5	638
1344	6	170
1344	7	301
1344	8	616
1344	9	408
1344	10	223
1345	1	227
1345	2	194
1345	3	312
1345	4	307
1345	5	662
1345	6	198
1345	7	331
1345	8	623
1345	9	492
1345	10	273
1346	1	264
1346	2	148
1346	3	468
1346	4	342
1346	5	926
1346	6	58
1346	7	176
1346	8	470
1346	9	80
1346	10	61
1347	1	356
1347	2	220
1347	3	569
1347	4	603
1347	5	1511
1347	6	98
1347	7	294
1347	8	1004
1347	9	23
1347	10	185
1348	1	337
1348	2	246
1348	3	413
1348	4	501
1348	5	1039
1348	6	251
1348	7	319
1348	8	1005
1348	9	624
1348	10	334
1349	1	317
1349	2	306
1349	3	427
1349	4	560
1349	5	952
1349	6	269
1349	7	380
1349	8	1025
1349	9	679
1349	10	316
1350	1	249
1350	2	243
1350	3	314
1350	4	451
1350	5	983
1350	6	230
1350	7	300
1350	8	664
1350	9	609
1350	10	214
1351	1	386
1351	2	197
1351	3	273
1351	4	339
1351	5	1216
1351	6	168
1351	7	240
1351	8	551
1351	9	454
1351	10	312
1352	2	386
1352	8	578
1352	9	362
1352	10	290
1353	1	396
1353	2	422
1353	3	284
1353	4	353
1353	5	1230
1353	6	196
1353	7	291
1353	8	581
1353	9	449
1353	10	345
1354	1	266
1354	2	384
1354	3	422
1354	4	339
1354	5	1088
1354	6	32
1354	7	165
1354	8	326
1354	9	210
1354	10	310
1355	5	1118
1355	8	1084
1355	9	359
1356	1	428
1356	2	508
1356	3	384
1356	4	555
1356	5	1009
1356	6	260
1356	7	368
1356	8	848
1356	9	536
1356	10	556
1357	1	521
1357	2	550
1357	3	404
1357	4	630
1357	5	958
1357	6	272
1357	7	423
1357	8	869
1357	9	627
1357	10	544
1358	1	469
1358	2	442
1358	3	311
1358	4	485
1358	5	1016
1358	6	229
1358	7	363
1358	8	589
1358	9	649
1358	10	443
1359	1	459
1359	2	354
1359	3	241
1359	4	353
1359	5	1022
1359	6	172
1359	7	330
1359	8	420
1359	9	481
1359	10	374
1360	1	473
1360	2	383
1360	3	295
1360	4	393
1360	5	1037
1360	6	201
1360	7	345
1360	8	433
1360	9	577
1360	10	430
1361	1	483
1361	2	249
1361	3	475
1361	4	379
1361	5	1081
1361	6	268
1361	7	190
1361	8	62
1361	9	169
1361	10	244
1362	6	421
1363	1	588
1363	2	270
1363	3	452
1363	4	488
1363	5	970
1363	6	412
1363	7	421
1363	8	592
1363	9	970
1363	10	524
1364	1	579
1364	2	295
1364	3	475
1364	4	616
1364	5	899
1364	6	446
1364	7	439
1364	8	615
1364	9	1025
1364	10	506
1365	1	482
1365	2	237
1365	3	342
1365	4	389
1365	5	798
1365	6	359
1365	7	396
1365	8	289
1365	9	957
1365	10	455
1366	1	456
1366	2	170
1366	3	267
1366	4	284
1366	5	848
1366	6	295
1366	7	353
1366	8	747
1366	9	714
1366	10	445
1367	1	475
1367	2	200
1367	3	312
1367	4	316
1367	5	794
1367	6	316
1367	7	403
1367	8	615
1367	9	799
1367	10	473
1368	1	348
1368	2	149
1368	3	415
1368	4	369
1368	5	744
1368	6	215
1368	7	173
1368	8	509
1368	9	299
1368	10	296
1369	5	913
1369	6	126
1370	1	643
1370	2	242
1370	3	359
1370	4	497
1370	5	807
1370	6	339
1370	7	376
1370	8	1012
1370	9	936
1370	10	371
1371	1	617
1371	2	302
1371	3	417
1371	4	539
1371	5	791
1371	6	363
1371	7	430
1371	8	1032
1371	9	1004
1371	10	353
1372	1	401
1372	2	242
1372	3	318
1372	4	430
1372	5	840
1372	6	325
1372	7	432
1372	8	706
1372	9	949
1372	10	254
1373	1	350
1373	2	179
1373	3	213
1373	4	285
1373	5	816
1373	6	264
1373	7	320
1373	8	626
1373	9	700
1373	10	215
1374	1	391
1374	2	197
1374	3	266
1374	4	322
1374	5	846
1374	6	217
1374	7	328
1374	8	583
1374	9	788
1374	10	265
1375	1	23
1375	2	156
1375	3	459
1375	4	283
1375	5	523
1375	6	69
1375	7	212
1375	8	429
1375	9	218
1375	10	67
1376	9	191
1377	1	337
1377	2	338
1377	3	405
1377	4	467
1377	5	882
1377	6	262
1377	7	381
1377	8	1024
1377	9	723
1377	10	352
1378	1	319
1378	2	399
1378	3	422
1378	4	523
1378	5	903
1378	6	286
1378	7	437
1378	8	1043
1378	9	754
1378	10	338
1379	1	255
1379	2	438
1379	3	328
1379	4	411
1379	5	983
1379	6	247
1379	7	326
1379	8	724
1379	9	676
1379	10	239
1380	1	192
1380	2	376
1380	3	229
1380	4	300
1380	5	1026
1380	6	185
1380	7	264
1380	8	634
1380	9	421
1380	10	199
1381	1	200
1381	2	408
1381	3	272
1381	4	342
1381	5	1045
1381	6	214
1381	7	265
1381	8	616
1381	9	512
1381	10	255
1382	1	182
1382	2	357
1382	3	439
1382	4	327
1382	5	1057
1382	6	61
1382	7	118
1382	8	427
1382	9	112
1383	1	285
1383	2	485
1383	6	25
1384	1	318
1384	2	479
1384	3	406
1384	4	496
1384	5	981
1384	6	240
1384	7	332
1384	8	859
1384	9	697
1384	10	507
1385	1	320
1385	2	524
1385	3	416
1385	4	589
1385	5	963
1385	6	286
1385	7	374
1385	8	877
1385	9	752
1385	10	468
1386	1	341
1386	2	420
1386	3	320
1386	4	464
1386	5	994
1386	6	247
1386	7	346
1386	8	564
1386	9	687
1386	10	366
1387	1	416
1387	2	369
1387	3	239
1387	4	339
1387	5	1033
1387	6	184
1387	7	279
1387	8	471
1387	9	438
1387	10	305
1388	1	430
1388	2	400
1388	3	284
1388	4	374
1388	5	1070
1388	6	208
1388	7	304
1388	8	507
1388	9	657
1388	10	368
1389	1	430
1389	2	327
1389	3	448
1389	4	334
1389	5	1004
1389	6	104
1389	7	163
1389	8	274
1389	9	256
1389	10	207
1390	1	573
1390	2	430
1390	3	493
1390	4	473
1390	5	939
1390	6	423
1390	7	339
1390	8	953
1390	9	816
1390	10	448
1391	1	568
1391	2	243
1391	3	496
1391	4	594
1391	5	925
1391	6	441
1391	7	375
1391	8	1497
1391	9	696
1391	10	333
1392	1	507
1392	2	169
1392	3	390
1392	4	462
1392	5	945
1392	6	401
1392	7	332
1392	8	862
1392	9	657
1392	10	204
1393	1	470
1393	2	107
1393	3	280
1393	4	348
1393	5	942
1393	6	337
1393	7	285
1393	8	774
1393	9	454
1393	10	173
1394	1	484
1394	2	162
1394	3	319
1394	4	277
1394	5	818
1394	6	325
1394	7	311
1394	8	693
1394	9	538
1394	10	263
1395	1	461
1395	2	106
1395	3	475
1395	4	259
1395	5	807
1395	6	215
1395	7	177
1395	8	202
1395	9	-71
1395	10	60
1396	4	399
1396	6	294
1397	1	568
1397	2	222
1397	3	425
1397	4	389
1397	5	610
1397	6	351
1397	7	381
1397	8	1252
1397	9	737
1397	10	329
1398	1	511
1398	2	286
1398	3	440
1398	4	565
1398	5	451
1398	6	301
1398	7	442
1398	8	1272
1398	9	877
1398	10	333
1399	1	388
1399	2	218
1399	3	365
1399	4	430
1399	5	528
1399	6	285
1399	7	370
1399	8	884
1399	9	802
1399	10	224
1400	1	309
1400	2	162
1400	3	239
1400	4	242
1400	5	566
1400	6	210
1400	7	275
1400	8	785
1400	9	520
1400	10	155
1401	1	324
1401	2	184
1401	3	301
1401	4	339
1401	5	614
1401	6	255
1401	7	307
1401	8	793
1401	9	662
1401	10	283
1402	1	201
1402	3	452
1402	4	315
1402	5	610
1402	6	93
1402	7	225
1402	8	564
1402	9	76
1402	10	43
1403	1	400
1403	2	236
1403	3	447
1403	4	471
1403	5	373
1403	6	250
1403	7	376
1403	8	1210
1403	9	886
1403	10	314
1404	1	392
1404	2	311
1404	3	491
1404	4	516
1404	5	503
1404	6	274
1404	7	452
1404	8	1230
1404	9	941
1404	10	301
1405	1	277
1405	2	268
1405	3	401
1405	4	404
1405	5	459
1405	6	233
1405	7	388
1405	8	909
1405	9	743
1405	10	219
1406	1	215
1406	2	248
1406	3	268
1406	4	276
1406	5	811
1406	6	172
1406	7	302
1406	8	803
1406	9	387
1406	10	184
1407	1	219
1407	2	270
1407	3	317
1407	4	331
1407	5	918
1407	6	201
1407	7	327
1407	8	806
1407	9	475
1407	10	257
1408	1	237
1408	2	323
1408	3	467
1408	4	306
1408	5	946
1408	6	33
1408	7	142
1408	8	577
1408	9	21
1408	10	65
1409	6	10
1409	8	1428
1409	9	-6
1409	10	180
1410	9	635
1411	1	338
1411	2	456
1411	3	387
1411	4	425
1411	5	843
1411	6	228
1411	7	321
1411	8	847
1411	9	628
1411	10	273
1412	1	273
1412	2	362
1412	3	259
1412	4	303
1412	5	898
1412	6	151
1412	7	256
1412	8	647
1412	9	396
1412	10	296
1413	1	285
1413	2	396
1413	3	306
1413	4	384
1413	5	949
1413	6	201
1413	7	274
1413	8	639
1413	9	512
1413	10	358
1414	1	375
1414	2	352
1414	3	462
1414	5	944
1414	6	23
1414	7	156
1414	8	410
1414	9	77
1414	10	165
1415	3	550
1415	6	12
1415	9	207
1416	1	688
1416	2	488
1416	3	483
1416	4	531
1416	5	764
1416	6	252
1416	7	342
1416	8	1132
1416	9	773
1416	10	467
1417	1	716
1417	2	560
1417	3	494
1417	4	599
1417	5	746
1417	6	276
1417	7	435
1417	8	1122
1417	9	870
1417	10	449
1418	1	608
1418	2	453
1418	3	429
1418	4	459
1418	5	805
1418	6	233
1418	7	353
1418	8	908
1418	9	745
1418	10	356
1419	1	532
1419	2	90
1419	3	307
1419	4	344
1419	5	875
1419	6	314
1419	7	259
1419	8	819
1419	9	752
1419	10	325
1420	1	537
1420	2	173
1420	3	359
1420	4	379
1420	5	872
1420	6	333
1420	7	309
1420	8	781
1420	9	890
1420	10	268
1421	1	504
1421	2	5
1421	3	504
1421	4	340
1421	5	879
1421	6	226
1421	7	145
1421	8	410
1421	9	61
1421	10	74
1422	1	730
1422	2	263
1422	3	521
1422	4	436
1422	5	592
1422	6	411
1422	7	365
1422	8	818
1422	9	1416
1422	10	328
1423	1	706
1423	2	323
1423	3	517
1423	4	520
1423	5	604
1423	6	482
1423	7	398
1423	8	1238
1423	9	1484
1423	10	319
1424	1	598
1424	2	306
1424	3	423
1424	4	365
1424	5	551
1424	6	363
1424	7	354
1424	8	834
1424	9	1405
1424	10	232
1425	1	531
1425	2	203
1425	3	222
1425	4	501
1425	5	606
1425	6	213
1425	7	316
1425	8	736
1425	9	979
1425	10	201
1426	1	535
1426	2	267
1426	3	287
1426	4	535
1426	5	629
1426	6	217
1426	7	300
1426	8	743
1426	9	1078
1426	10	264
1427	2	113
1427	3	450
1427	4	384
1427	6	47
1427	8	548
1427	9	216
1427	10	47
1428	1	842
1428	2	162
1428	4	1046
1428	9	162
1428	10	204
1429	1	580
1429	2	290
1429	3	421
1429	4	776
1429	5	463
1429	6	331
1429	7	443
1429	8	1236
1429	9	1711
1429	10	322
1430	1	552
1430	2	350
1430	3	415
1430	4	807
1430	5	460
1430	6	361
1430	7	539
1430	8	1256
1430	9	1766
1430	10	303
1431	1	506
1431	2	314
1431	3	441
1431	4	666
1431	5	492
1431	6	262
1431	7	428
1431	8	833
1431	9	1648
1431	10	216
1432	1	445
1432	2	246
1432	3	296
1432	4	412
1432	5	624
1432	6	170
1432	7	277
1432	8	749
1432	9	1000
1432	10	186
1433	1	448
1433	2	341
1433	3	355
1433	4	470
1433	5	548
1433	6	198
1433	7	307
1433	8	812
1433	9	976
1433	10	265
1434	1	272
1434	3	518
1434	4	444
1434	5	806
1434	6	30
1434	7	142
1434	8	576
1434	9	117
1434	10	64
1435	4	1200
1436	3	523
1436	4	776
1436	6	267
1436	7	371
1436	9	1421
1436	10	337
1437	1	615
1437	2	862
1437	3	501
1437	4	839
1437	5	789
1437	6	307
1437	7	473
1437	8	1236
1437	9	1458
1437	10	319
1438	1	552
1438	2	768
1438	3	396
1438	4	728
1438	5	828
1438	6	261
1438	7	355
1438	8	767
1438	9	1321
1438	10	247
1439	1	484
1439	2	652
1439	3	286
1439	4	576
1439	5	895
1439	6	164
1439	7	219
1439	8	633
1439	9	720
1439	10	201
1440	1	481
1440	2	730
1440	3	341
1440	4	536
1440	5	909
1440	6	193
1440	7	264
1440	8	636
1440	9	872
1440	10	276
1441	1	339
1441	2	536
1441	3	502
1441	4	485
1441	5	924
1441	6	0
1441	7	108
1441	8	305
1441	9	241
1441	10	204
1442	6	-3
1442	8	1084
1442	9	395
1443	1	719
1443	2	818
1443	3	524
1443	4	871
1443	5	751
1443	6	268
1443	7	428
1443	8	984
1443	9	1367
1443	10	460
1444	1	882
1444	2	860
1444	3	508
1444	4	946
1444	5	789
1444	6	306
1444	7	502
1444	8	1001
1444	9	1458
1444	10	541
1445	1	822
1445	2	713
1445	3	409
1445	4	755
1445	5	858
1445	6	255
1445	7	464
1445	8	634
1445	9	1423
1445	10	483
1446	1	806
1446	2	600
1446	3	292
1446	4	592
1446	5	890
1446	6	168
1446	7	426
1446	8	427
1446	9	792
1446	10	419
1447	1	813
1447	2	671
1447	3	368
1447	4	647
1447	5	912
1447	6	158
1447	7	401
1447	8	479
1447	9	1005
1447	10	495
1448	2	605
1448	3	555
1448	4	573
1448	5	949
1448	6	186
1448	7	222
1448	8	297
1448	9	361
1448	10	278
1449	10	541
1450	1	915
1450	2	590
1450	3	579
1450	4	871
1450	5	771
1450	6	485
1450	7	568
1450	8	489
1450	9	1539
1450	10	977
1451	1	838
1451	2	567
1451	3	434
1451	4	593
1451	5	694
1451	6	715
1451	7	508
1451	8	412
1451	9	1534
1451	10	870
1452	1	782
1452	2	443
1452	3	307
1452	4	446
1452	5	749
1452	6	584
1452	7	430
1452	8	350
1452	9	1232
1452	10	811
1453	1	784
1453	2	431
1453	3	375
1453	4	493
1453	5	694
1453	6	605
1453	7	471
1453	8	427
1453	9	1311
1453	10	722
1454	2	176
1454	3	527
1454	4	414
1454	5	759
1454	6	380
1454	7	243
1454	8	152
1454	9	380
1454	10	108
1455	1	283
1455	6	336
1455	9	328
1456	1	529
1456	2	489
1456	3	399
1456	4	814
1456	5	609
1456	6	552
1456	7	612
1456	8	478
1456	9	1442
1456	10	780
1457	1	583
1457	2	576
1457	3	387
1457	4	789
1457	5	628
1457	6	544
1457	7	684
1457	8	473
1457	9	1353
1457	10	696
1458	1	584
1458	2	488
1458	3	336
1458	4	801
1458	5	566
1458	6	524
1458	7	540
1458	8	398
1458	9	1397
1458	10	586
1459	1	451
1459	2	391
1459	3	251
1459	4	654
1459	5	463
1459	6	423
1459	7	541
1459	8	316
1459	9	1117
1459	10	547
1460	1	468
1460	2	381
1460	3	289
1460	4	718
1460	5	342
1460	6	418
1460	7	507
1460	8	323
1460	9	1195
1460	10	550
1461	1	135
1461	2	148
1461	3	112
1461	4	209
1461	5	198
1461	6	113
1461	7	223
1461	8	82
1461	9	373
1461	10	105
1462	1	202
1462	2	266
1462	4	496
1462	5	293
1462	6	131
1462	9	327
1462	10	289
1463	6	482
1464	1	525
1464	3	353
1464	4	897
1464	6	494
1464	7	558
1464	9	1365
1464	10	642
1465	1	498
1465	2	517
1465	3	309
1465	4	778
1465	5	398
1465	6	452
1465	7	471
1465	8	419
1465	9	1344
1465	10	581
1466	1	444
1466	2	424
1466	3	235
1466	4	644
1466	5	270
1466	6	374
1466	7	346
1466	8	336
1466	9	1039
1466	10	535
1467	1	454
1467	2	445
1467	3	280
1467	4	716
1467	5	280
1467	6	407
1467	7	371
1467	8	338
1467	9	1116
1467	10	576
1468	1	154
1468	2	200
1468	3	98
1468	4	221
1468	5	153
1468	6	117
1468	7	95
1468	8	137
1468	9	390
1468	10	134
1469	1	543
1469	2	448
1469	3	375
1469	4	889
1469	5	453
1469	6	490
1469	7	459
1469	8	483
1469	9	1305
1469	10	771
1470	1	566
1470	2	521
1470	3	359
1470	4	912
1470	5	437
1470	6	578
1470	7	532
1470	8	518
1470	9	1329
1470	10	736
1471	1	547
1471	2	418
1471	3	304
1471	4	753
1471	5	408
1471	6	478
1471	7	399
1471	8	445
1471	9	1267
1471	10	603
1472	1	432
1472	2	338
1472	3	234
1472	4	618
1472	5	287
1472	6	387
1472	7	329
1472	8	380
1472	9	966
1472	10	529
1473	1	496
1473	2	362
1473	3	243
1473	4	696
1473	5	289
1473	6	414
1473	7	350
1473	8	333
1473	9	994
1473	10	709
1474	1	197
1474	2	160
1474	3	97
1474	4	225
1474	5	195
1474	6	142
1474	7	92
1474	8	199
1474	9	340
1474	10	187
1475	3	292
1475	6	169
1475	9	375
1475	10	461
1476	1	611
1476	2	500
1476	3	359
1476	4	845
1476	5	467
1476	6	495
1476	7	414
1476	8	505
1476	9	1200
1476	10	744
1477	1	571
1477	2	552
1477	3	330
1477	4	927
1477	5	463
1477	6	505
1477	7	441
1477	8	564
1477	9	1466
1477	10	689
1478	1	471
1478	2	382
1478	3	269
1478	4	756
1478	5	380
1478	6	468
1478	7	387
1478	8	453
1478	9	968
1478	10	517
1479	1	379
1479	2	249
1479	3	181
1479	4	633
1479	5	268
1479	6	389
1479	7	325
1479	8	309
1479	9	849
1479	10	401
1480	1	426
1480	2	266
1480	3	237
1480	4	597
1480	5	247
1480	6	424
1480	7	332
1480	8	368
1480	9	1012
1480	10	417
1481	1	75
1481	2	159
1481	3	81
1481	4	184
1481	5	94
1481	6	151
1481	7	69
1481	8	174
1481	9	585
1481	10	359
1482	1	168
1482	2	243
1482	4	319
1482	8	591
1482	9	266
1483	1	484
1483	2	335
1483	3	352
1483	4	876
1483	5	313
1483	6	486
1483	7	328
1483	8	462
1483	9	1130
1483	10	596
1484	1	485
1484	2	409
1484	3	392
1484	4	794
1484	5	257
1484	6	575
1484	7	411
1484	8	470
1484	9	1114
1484	10	535
1485	1	448
1485	2	316
1485	3	298
1485	4	702
1485	5	458
1485	6	389
1485	7	351
1485	8	398
1485	9	1037
1485	10	416
1486	1	376
1486	2	250
1486	3	218
1486	4	383
1486	5	311
1486	6	265
1486	7	264
1486	8	315
1486	9	826
1486	10	344
1487	1	394
1487	2	258
1487	3	258
1487	4	437
1487	5	321
1487	6	268
1487	7	274
1487	8	322
1487	9	755
1487	10	374
1488	1	209
1488	2	139
1488	3	161
1488	4	210
1488	5	170
1488	6	129
1488	7	136
1488	8	127
1488	9	211
1488	10	100
1489	4	458
1489	6	124
1489	7	282
1489	9	172
1489	10	285
1490	1	440
1490	2	283
1490	3	345
1490	4	718
1490	5	528
1490	6	317
1490	7	423
1490	8	478
1490	9	906
1490	10	456
1491	1	433
1491	2	395
1491	3	360
1491	4	717
1491	5	471
1491	6	316
1491	7	440
1491	8	431
1491	9	908
1491	10	410
1492	1	383
1492	2	293
1492	3	303
1492	4	666
1492	5	439
1492	6	285
1492	7	375
1492	8	358
1492	9	874
1492	10	351
1493	1	341
1493	2	226
1493	3	227
1493	4	456
1493	5	315
1493	6	222
1493	7	296
1493	8	336
1493	9	621
1493	10	291
1494	1	353
1494	2	241
1494	3	247
1494	4	502
1494	5	288
1494	6	250
1494	7	307
1494	8	338
1494	9	674
1494	10	343
1495	1	142
1495	2	125
1495	3	130
1495	4	174
1495	5	438
1495	6	79
1495	7	115
1495	8	143
1495	9	238
1495	10	116
1496	4	484
1496	9	234
1496	10	301
1497	1	439
1497	2	284
1497	3	317
1497	4	727
1497	5	505
1497	6	301
1497	7	306
1497	8	489
1497	9	812
1497	10	462
1498	1	429
1498	2	395
1498	3	326
1498	4	726
1498	5	416
1498	6	316
1498	7	320
1498	8	486
1498	9	835
1498	10	421
1499	1	401
1499	2	289
1499	3	273
1499	4	681
1499	5	387
1499	6	281
1499	7	292
1499	8	413
1499	9	791
1499	10	400
1500	1	325
1500	2	199
1500	3	200
1500	4	434
1500	5	245
1500	6	218
1500	7	239
1500	8	330
1500	9	565
1500	10	304
1501	1	369
1501	2	213
1501	3	245
1501	4	475
1501	5	260
1501	6	232
1501	7	284
1501	8	364
1501	9	679
1501	10	397
1502	1	199
1502	2	105
1502	3	128
1502	4	168
1502	5	163
1502	6	86
1502	7	85
1502	8	169
1502	9	207
1502	10	77
1503	2	457
1503	4	509
1503	6	105
1503	9	255
1504	1	471
1504	2	264
1504	3	299
1504	4	703
1504	5	445
1504	6	313
1504	7	302
1504	8	526
1504	9	736
1504	10	500
1505	1	483
1505	2	367
1505	3	310
1505	4	730
1505	5	441
1505	6	327
1505	7	338
1505	8	558
1505	9	763
1505	10	460
1506	1	371
1506	2	239
1506	3	258
1506	4	621
1506	5	367
1506	6	292
1506	7	348
1506	8	518
1506	9	837
1506	10	237
1507	1	299
1507	2	182
1507	3	196
1507	4	429
1507	5	246
1507	6	216
1507	7	279
1507	8	374
1507	9	720
1507	10	212
1508	1	299
1508	2	199
1508	3	229
1508	4	477
1508	5	255
1508	6	248
1508	7	294
1508	8	391
1508	9	773
1508	10	243
1509	1	49
1509	3	110
1509	4	166
1509	5	109
1509	6	116
1509	7	94
1509	8	154
1509	9	268
1509	10	52
1510	3	167
1510	4	532
1510	6	280
1510	9	178
1510	10	416
1511	1	410
1511	2	207
1511	3	322
1511	4	654
1511	5	499
1511	6	327
1511	7	323
1511	8	463
1511	9	876
1511	10	325
1512	1	380
1512	2	325
1512	3	300
1512	4	705
1512	5	390
1512	6	354
1512	7	303
1512	8	471
1512	9	950
1512	10	314
1513	1	346
1513	2	242
1513	3	293
1513	4	583
1513	5	440
1513	6	300
1513	7	296
1513	8	399
1513	9	933
1513	10	248
1514	1	293
1514	2	197
1514	3	208
1514	4	360
1514	5	315
1514	6	204
1514	7	212
1514	8	316
1514	9	732
1514	10	203
1515	1	308
1515	2	210
1515	3	257
1515	4	364
1515	5	314
1515	6	213
1515	7	247
1515	8	318
1515	9	649
1515	10	246
1516	2	96
1516	3	152
1516	4	128
1516	5	177
1516	6	66
1516	7	84
1516	8	123
1516	9	135
1516	10	48
1517	1	148
1517	2	168
1517	3	209
1517	4	434
1517	9	96
1517	10	233
1518	1	390
1518	2	223
1518	3	315
1518	4	623
1518	5	492
1518	6	290
1518	7	364
1518	8	474
1518	9	751
1518	10	318
1519	1	383
1519	2	339
1519	3	329
1519	4	668
1519	5	450
1519	6	301
1519	7	379
1519	8	427
1519	9	790
1519	10	303
1520	1	292
1520	2	269
1520	3	302
1520	4	582
1520	5	432
1520	6	268
1520	7	354
1520	8	354
1520	9	780
1520	10	239
1521	1	269
1521	2	210
1521	3	225
1521	4	382
1521	5	309
1521	6	205
1521	7	275
1521	8	332
1521	9	537
1521	10	211
1522	1	281
1522	2	225
1522	3	253
1522	4	429
1522	5	328
1522	6	234
1522	7	306
1522	8	334
1522	9	590
1522	10	263
1523	1	90
1523	2	120
1523	3	153
1523	4	127
1523	5	493
1523	6	54
1523	7	113
1523	8	138
1523	9	184
1523	10	73
1524	1	198
1524	3	208
1524	6	66
1524	7	166
1524	9	179
1524	10	258
1525	1	389
1525	2	265
1525	3	320
1525	4	627
1525	5	549
1525	6	287
1525	7	299
1525	8	484
1525	9	679
1525	10	332
1526	1	382
1526	2	375
1526	3	329
1526	4	672
1526	5	475
1526	6	306
1526	7	319
1526	8	482
1526	9	717
1526	10	327
1527	1	314
1527	2	269
1527	3	279
1527	4	591
1527	5	461
1527	6	269
1527	7	292
1527	8	409
1527	9	697
1527	10	299
1528	1	257
1528	2	189
1528	3	206
1528	4	355
1528	5	317
1528	6	206
1528	7	238
1528	8	326
1528	9	481
1528	10	230
1529	1	307
1529	2	203
1529	3	251
1529	4	396
1529	5	333
1529	6	220
1529	7	283
1529	8	360
1529	9	595
1529	10	323
1530	1	156
1530	2	104
1530	3	151
1530	4	121
1530	5	232
1530	6	66
1530	7	85
1530	8	164
1530	9	165
1530	10	44
1531	4	480
1531	6	78
1531	7	173
1532	1	430
1532	2	250
1532	3	308
1532	4	603
1532	5	503
1532	6	304
1532	7	317
1532	8	521
1532	9	615
1532	10	371
1533	1	442
1533	2	352
1533	3	319
1533	4	676
1533	5	515
1533	6	318
1533	7	340
1533	8	553
1533	9	657
1533	10	362
1534	1	330
1534	2	266
1534	3	273
1534	4	531
1534	5	480
1534	6	280
1534	7	350
1534	8	470
1534	9	626
1534	10	288
1535	1	283
1535	2	157
1535	3	211
1535	4	351
1535	5	343
1535	6	205
1535	7	281
1535	8	353
1535	9	447
1535	10	226
1536	1	299
1536	2	263
1536	3	248
1536	4	399
1536	5	366
1536	6	237
1536	7	296
1536	8	390
1536	9	564
1536	10	266
1537	1	75
1537	2	154
1537	3	147
1537	4	118
1537	5	222
1537	6	102
1537	7	96
1537	8	164
1537	9	295
1537	10	196
1538	4	502
1538	6	259
1538	7	177
1538	9	133
1539	1	376
1539	2	212
1539	3	338
1539	4	520
1539	5	582
1539	6	318
1539	7	338
1539	8	416
1539	9	820
1539	10	334
1540	1	345
1540	2	307
1540	3	317
1540	4	606
1540	5	489
1540	6	345
1540	7	306
1540	8	433
1540	9	858
1540	10	319
1541	1	280
1541	2	236
1541	3	255
1541	4	497
1541	5	455
1541	6	294
1541	7	283
1541	8	390
1541	9	845
1541	10	241
1542	1	266
1542	2	189
1542	3	212
1542	4	315
1542	5	304
1542	6	208
1542	7	226
1542	8	394
1542	9	650
1542	10	198
1543	1	305
1543	2	211
1543	3	259
1543	4	311
1543	5	300
1543	6	220
1543	7	251
1543	8	287
1543	9	770
1543	10	247
1544	1	146
1544	2	97
1544	3	185
1544	4	147
1544	5	237
1544	6	103
1544	7	79
1544	8	159
1544	9	259
1544	10	39
1545	1	408
1545	2	214
1545	3	266
1545	4	494
1545	5	557
1545	6	284
1545	7	312
1545	8	445
1545	9	724
1545	10	326
1546	1	404
1546	2	325
1546	3	337
1546	4	561
1546	5	539
1546	6	309
1546	7	335
1546	8	446
1546	9	762
1546	10	311
1547	1	288
1547	2	252
1547	3	250
1547	4	506
1547	5	538
1547	6	273
1547	7	401
1547	8	368
1547	9	771
1547	10	243
1548	1	240
1548	2	194
1548	3	174
1548	4	366
1548	5	340
1548	6	210
1548	7	288
1548	8	301
1548	9	581
1548	10	213
1549	1	253
1549	2	218
1549	3	222
1549	4	407
1549	5	370
1549	6	236
1549	7	303
1549	8	259
1549	9	664
1549	10	254
1550	1	65
1550	2	120
1550	3	165
1550	4	115
1550	5	250
1550	6	56
1550	7	123
1550	8	63
1550	9	175
1550	10	50
1551	1	257
1551	2	205
1551	4	449
1551	6	68
1552	1	363
1552	2	248
1552	3	292
1552	4	537
1552	5	539
1552	6	288
1552	7	362
1552	8	473
1552	9	664
1552	10	343
1553	1	355
1553	2	358
1553	3	309
1553	4	591
1553	5	517
1553	6	304
1553	7	387
1553	8	473
1553	9	702
1553	10	332
1554	1	301
1554	2	275
1554	3	253
1554	4	494
1554	5	507
1554	6	271
1554	7	308
1554	8	402
1554	9	688
1554	10	267
1555	1	255
1555	2	219
1555	3	182
1555	4	374
1555	5	359
1555	6	208
1555	7	250
1555	8	326
1555	9	503
1555	10	236
1556	1	264
1556	2	241
1556	3	222
1556	4	412
1556	5	378
1556	6	240
1556	7	262
1556	8	322
1556	9	588
1556	10	280
1557	4	433
1557	6	60
1557	9	276
1557	10	219
1558	1	366
1558	2	233
1558	3	291
1558	4	514
1558	5	522
1558	6	275
1558	7	324
1558	8	495
1558	9	635
1558	10	419
1559	1	371
1559	2	338
1559	3	299
1559	4	577
1559	5	543
1559	6	327
1559	7	333
1559	8	504
1559	9	655
1559	10	396
1560	1	292
1560	2	238
1560	3	245
1560	4	467
1560	5	517
1560	6	294
1560	7	325
1560	8	451
1560	9	636
1560	10	328
1561	1	317
1561	2	179
1561	3	168
1561	4	353
1561	5	366
1561	6	224
1561	7	263
1561	8	371
1561	9	445
1561	10	276
1562	1	333
1562	2	202
1562	3	213
1562	4	388
1562	5	417
1562	6	249
1562	7	288
1562	8	414
1562	9	562
1562	10	328
1563	1	91
1563	2	57
1563	3	150
1563	4	99
1563	5	280
1563	6	99
1563	7	128
1563	8	163
1563	9	158
1563	10	120
1564	1	172
1564	8	874
1564	10	433
1565	1	385
1565	2	444
1565	3	334
1565	4	456
1565	5	555
1565	6	316
1565	7	336
1565	8	493
1565	9	631
1565	10	407
1566	1	371
1566	2	283
1566	3	333
1566	4	580
1566	5	579
1566	6	334
1566	7	345
1566	8	422
1566	9	796
1566	10	314
1567	1	291
1567	2	208
1567	3	270
1567	4	463
1567	5	557
1567	6	300
1567	7	336
1567	8	315
1567	9	758
1567	10	232
1568	1	254
1568	2	165
1568	3	184
1568	4	354
1568	5	398
1568	6	234
1568	7	295
1568	8	259
1568	9	562
1568	10	204
1569	1	256
1569	2	193
1569	3	223
1569	4	321
1569	5	342
1569	6	250
1569	7	309
1569	8	272
1569	9	654
1569	10	241
1570	1	88
1570	2	77
1570	3	157
1570	4	79
1570	5	203
1570	6	111
1570	7	127
1570	8	369
1570	9	165
1570	10	30
1571	1	217
1571	2	157
1571	5	389
1571	6	255
1571	7	272
1571	9	142
1571	10	155
1572	1	391
1572	2	206
1572	3	263
1572	4	679
1572	5	537
1572	6	323
1572	7	334
1572	8	500
1572	9	795
1572	10	338
1573	1	386
1573	2	311
1573	3	305
1573	4	481
1573	5	600
1573	6	300
1573	7	324
1573	8	509
1573	9	833
1573	10	324
1574	1	308
1574	2	232
1574	3	272
1574	4	315
1574	5	556
1574	6	258
1574	7	309
1574	8	409
1574	9	674
1574	10	240
1575	1	256
1575	2	187
1575	3	185
1575	4	281
1575	5	393
1575	6	217
1575	7	241
1575	8	328
1575	9	484
1575	10	209
1576	1	229
1576	2	201
1576	3	234
1576	4	324
1576	5	415
1576	6	244
1576	7	355
1576	8	335
1576	9	580
1576	10	250
1577	1	51
1577	2	87
1577	3	136
1577	4	103
1577	5	265
1577	6	66
1577	7	138
1577	8	153
1577	9	99
1577	10	42
1578	1	355
1578	2	238
1578	3	312
1578	4	445
1578	5	558
1578	6	292
1578	7	363
1578	8	458
1578	9	682
1578	10	330
1579	1	373
1579	2	343
1579	3	323
1579	4	490
1579	5	567
1579	6	307
1579	7	393
1579	8	542
1579	9	673
1579	10	315
1580	1	281
1580	2	264
1580	3	270
1580	4	373
1580	5	536
1580	6	276
1580	7	373
1580	8	448
1580	9	606
1580	10	260
1581	1	228
1581	2	208
1581	3	197
1581	4	270
1581	5	421
1581	6	214
1581	7	288
1581	8	367
1581	9	428
1581	10	233
1582	1	242
1582	2	226
1582	3	241
1582	4	314
1582	5	433
1582	6	243
1582	7	277
1582	8	370
1582	9	510
1582	10	274
1583	1	77
1583	2	119
1583	3	153
1583	4	104
1583	5	291
1583	6	63
1583	7	101
1583	8	182
1583	9	119
1583	10	74
1584	2	357
1584	6	310
1584	7	338
1584	9	655
1584	10	379
1585	2	218
1585	8	476
1585	9	620
1586	2	187
1586	3	190
1586	4	282
1586	6	232
1586	7	249
1586	8	395
1587	1	259
1587	2	205
1587	4	321
1587	6	261
1587	8	415
1587	9	539
1587	10	299
1588	1	189
1588	2	115
1588	3	144
1588	4	118
1588	6	72
1588	7	109
1588	8	252
1588	9	299
1588	10	240
1589	1	272
1589	3	197
1589	4	509
1589	6	119
1589	7	184
1589	8	975
1589	9	260
1589	10	254
1590	1	368
1590	2	302
1590	3	298
1590	4	435
1590	5	626
1590	6	311
1590	7	374
1590	8	534
1590	9	605
1590	10	601
1591	1	364
1591	2	399
1591	3	346
1591	4	527
1591	5	597
1591	6	322
1591	7	390
1591	8	552
1591	9	897
1591	10	580
1592	1	306
1592	2	333
1592	3	295
1592	4	395
1592	5	568
1592	6	300
1592	7	324
1592	8	580
1592	9	633
1592	10	306
1593	1	252
1593	2	187
1593	3	205
1593	4	290
1593	5	450
1593	6	236
1593	7	294
1593	8	285
1593	9	523
1593	10	274
1594	1	250
1594	2	146
1594	3	244
1594	4	315
1594	5	445
1594	6	261
1594	7	328
1594	8	272
1594	9	590
1594	10	224
1595	1	80
1595	2	26
1595	3	296
1595	4	110
1595	5	296
1595	6	121
1595	7	173
1595	8	51
1595	9	161
1595	10	35
1596	1	187
1596	4	222
1596	5	527
1596	6	271
1596	7	217
1596	9	54
1596	10	343
1597	1	329
1597	2	170
1597	3	342
1597	4	397
1597	5	613
1597	6	325
1597	7	365
1597	8	409
1597	9	703
1597	10	277
1598	1	339
1598	2	254
1598	3	417
1598	4	477
1598	5	628
1598	6	393
1598	7	331
1598	8	498
1598	9	741
1598	10	285
1599	1	244
1599	2	187
1599	3	269
1599	4	217
1599	5	618
1599	6	274
1599	7	327
1599	8	406
1599	9	739
1599	10	218
1600	1	287
1600	2	156
1600	3	195
1600	4	269
1600	5	452
1600	6	275
1600	7	302
1600	8	328
1600	9	544
1600	10	170
1601	1	303
1601	2	170
1601	3	247
1601	4	289
1601	5	448
1601	6	235
1601	7	286
1601	8	335
1601	9	627
1601	10	218
1602	1	131
1602	2	59
1602	3	145
1602	4	18
1602	5	250
1602	6	52
1602	7	94
1602	8	170
1602	9	74
1602	10	24
1603	1	220
1603	2	131
1603	3	195
1603	4	251
1603	6	75
1603	7	193
1603	8	633
1603	9	5
1603	10	149
1604	1	374
1604	2	185
1604	3	288
1604	4	455
1604	5	456
1604	6	297
1604	7	373
1604	8	501
1604	9	625
1604	10	275
1605	1	367
1605	2	274
1605	3	296
1605	4	487
1605	5	247
1605	6	304
1605	7	397
1605	8	510
1605	9	663
1605	10	274
1606	1	296
1606	2	210
1606	3	257
1606	4	375
1606	5	292
1606	6	271
1606	7	354
1606	8	373
1606	9	642
1606	10	206
1607	1	229
1607	2	183
1607	3	202
1607	4	262
1607	5	600
1607	6	208
1607	7	276
1607	8	292
1607	9	452
1607	10	179
1608	1	262
1608	2	194
1608	3	247
1608	4	305
1608	5	615
1608	6	236
1608	7	306
1608	8	370
1608	9	480
1608	10	231
1609	1	120
1609	2	125
1609	3	155
1609	4	110
1609	5	652
1609	6	56
1609	7	116
1609	8	205
1609	9	125
1609	10	51
1610	1	213
1610	4	398
1610	6	68
1610	7	198
1610	9	112
1610	10	189
1611	1	360
1611	2	236
1611	3	313
1611	4	449
1611	5	472
1611	6	286
1611	7	297
1611	8	526
1611	9	554
1611	10	296
1612	1	344
1612	2	325
1612	3	324
1612	4	494
1612	5	399
1612	6	302
1612	7	326
1612	8	543
1612	9	574
1612	10	295
1613	1	287
1613	2	228
1613	3	266
1613	4	381
1613	5	479
1613	6	275
1613	7	286
1613	8	439
1613	9	533
1613	10	243
1614	1	239
1614	2	185
1614	3	205
1614	4	293
1614	5	592
1614	6	209
1614	7	224
1614	8	358
1614	9	390
1614	10	206
1615	1	245
1615	2	209
1615	3	238
1615	4	310
1615	5	605
1615	6	238
1615	7	263
1615	8	361
1615	9	477
1615	10	259
1616	1	119
1616	2	105
1616	3	144
1616	4	103
1616	5	915
1616	6	34
1616	7	94
1616	8	233
1616	9	159
1616	10	136
1617	1	258
1617	4	481
1617	5	1464
1617	7	185
1617	9	281
1617	10	220
1618	1	355
1618	2	249
1618	3	312
1618	4	458
1618	5	830
1618	6	306
1618	7	323
1618	8	567
1618	9	526
1618	10	355
1619	1	399
1619	2	329
1619	3	307
1619	4	540
1619	5	795
1619	6	313
1619	7	346
1619	8	577
1619	9	601
1619	10	361
1620	1	364
1620	2	221
1620	3	256
1620	4	395
1620	5	882
1620	6	277
1620	7	317
1620	8	525
1620	9	648
1620	10	294
1621	1	270
1621	2	154
1621	3	186
1621	4	263
1621	5	964
1621	6	218
1621	7	298
1621	8	381
1621	9	486
1621	10	233
1622	1	285
1622	2	175
1622	3	240
1622	4	313
1622	5	978
1622	6	247
1622	7	313
1622	8	385
1622	9	581
1622	10	288
1623	1	118
1623	2	157
1623	3	161
1623	4	117
1623	5	1030
1623	6	127
1623	7	112
1623	8	142
1623	9	137
1623	10	105
1624	1	212
1624	4	506
1624	9	23
1624	10	362
1625	1	355
1625	2	185
1625	3	335
1625	4	385
1625	5	798
1625	6	320
1625	7	352
1625	8	515
1625	9	703
1625	10	321
1626	1	346
1626	2	274
1626	3	358
1626	4	518
1626	5	799
1626	6	352
1626	7	340
1626	8	551
1626	9	741
1626	10	303
1627	1	266
1627	2	211
1627	3	269
1627	4	331
1627	5	913
1627	6	301
1627	7	314
1627	8	354
1627	9	672
1627	10	230
1628	1	236
1628	2	164
1628	3	200
1628	4	247
1628	5	959
1628	6	235
1628	7	269
1628	8	530
1628	9	477
1628	10	186
1629	1	265
1629	2	186
1629	3	255
1629	4	279
1629	5	974
1629	6	249
1629	7	319
1629	8	398
1629	9	597
1629	10	239
1630	1	196
1630	2	78
1630	4	71
1630	5	1050
1630	6	117
1630	7	122
1630	8	341
1630	9	158
1630	10	44
1631	9	90
1632	1	442
1632	2	206
1632	3	308
1632	4	405
1632	5	795
1632	6	292
1632	7	355
1632	8	674
1632	9	612
1632	10	320
1633	1	435
1633	2	296
1633	3	319
1633	4	465
1633	5	765
1633	6	323
1633	7	383
1633	8	694
1633	9	650
1633	10	302
1634	1	273
1634	2	230
1634	3	260
1634	4	356
1634	5	694
1634	6	285
1634	7	410
1634	8	490
1634	9	601
1634	10	220
1635	1	221
1635	2	174
1635	3	182
1635	4	235
1635	5	759
1635	6	222
1635	7	297
1635	8	417
1635	9	411
1635	10	189
1636	1	236
1636	2	198
1636	3	231
1636	4	276
1636	5	704
1636	6	246
1636	7	311
1636	8	375
1636	9	505
1636	10	237
1637	1	98
1637	2	109
1637	3	159
1637	4	69
1637	5	684
1637	6	64
1637	7	131
1637	8	251
1637	9	88
1637	10	46
1638	1	275
1638	2	193
1638	3	159
1638	6	75
1638	9	72
1639	1	324
1639	2	249
1639	3	328
1639	4	403
1639	5	439
1639	6	300
1639	7	364
1639	8	707
1639	9	554
1639	10	338
1640	1	314
1640	2	338
1640	3	344
1640	4	459
1640	5	449
1640	6	318
1640	7	389
1640	8	726
1640	9	592
1640	10	323
